1 0.180205 0.218022 0.073108 0.054430
1 0.180419 0.302842 0.073963 0.055337
6 0.272873 0.304354 0.073322 0.037799
16 0.272980 0.217720 0.072681 0.036891
11 0.272873 0.266858 0.008337 0.011188
15 0.274797 0.278349 0.004489 0.011793
11 0.272766 0.352132 0.008978 0.011188
0 0.273194 0.389628 0.074391 0.038403
3 0.273194 0.456456 0.071398 0.052313
12 0.180526 0.456456 0.027148 0.018446
13 0.223279 0.493952 0.008764 0.012398
13 0.223172 0.513759 0.008978 0.012700
3 0.273087 0.531600 0.072894 0.053825
8 0.224455 0.569096 0.023942 0.038101
0 0.272980 0.599032 0.073108 0.039311
3 0.272980 0.666011 0.073108 0.052313
0 0.273087 0.733142 0.073322 0.039008
6 0.272980 0.791654 0.074391 0.036891
17 0.334224 0.531751 0.008337 0.012398
3 0.387986 0.724977 0.072681 0.054128
6 0.388414 0.791805 0.074391 0.037799
1 0.565626 0.217871 0.073108 0.054732
6 0.658080 0.217266 0.072467 0.037194
11 0.658080 0.266858 0.009619 0.012398
15 0.655836 0.292561 0.004703 0.013003
0 0.658187 0.330360 0.075246 0.040218
3 0.658935 0.397339 0.075032 0.053220
3 0.658829 0.473390 0.073108 0.053523
17 0.596622 0.435742 0.007696 0.017539
0 0.657973 0.540520 0.075246 0.042032
0 0.657867 0.598881 0.073749 0.037799
0 0.657653 0.657242 0.073749 0.039008
0 0.657867 0.717115 0.072467 0.037799
8 0.701582 0.687632 0.017101 0.033263
0 0.658187 0.775325 0.073536 0.038706
13 0.774797 0.762474 0.009619 0.013003
6 0.813168 0.791654 0.072253 0.036891
0 0.813275 0.733293 0.075032 0.039915
8 0.860090 0.703508 0.022018 0.029936
16 0.758658 0.397793 0.076956 0.042637
