1 0.173151 0.218022 0.075246 0.055640
6 0.266032 0.217569 0.076315 0.039613
11 0.265391 0.266707 0.008337 0.010886
18 0.265284 0.278047 0.008123 0.011793
3 0.265819 0.312065 0.072894 0.052011
0 0.265071 0.379649 0.073108 0.037799
3 0.265605 0.446780 0.073322 0.053523
3 0.265071 0.522226 0.073108 0.052011
12 0.172510 0.446326 0.025652 0.016934
13 0.215477 0.484276 0.008551 0.013003
13 0.215584 0.503477 0.009619 0.014515
8 0.229158 0.558512 0.047884 0.032658
0 0.265498 0.588751 0.072681 0.038706
3 0.264964 0.655730 0.073749 0.053523
6 0.265071 0.723768 0.074391 0.039613
17 0.326635 0.522074 0.007696 0.011188
3 0.380718 0.656184 0.073536 0.053220
6 0.381039 0.723617 0.073749 0.038706
1 0.588927 0.218174 0.075673 0.056547
6 0.681488 0.218325 0.073963 0.039311
0 0.681915 0.314031 0.075246 0.040822
11 0.681274 0.267312 0.008978 0.011491
15 0.683519 0.284699 0.005344 0.013003
3 0.681702 0.380405 0.072681 0.057454
12 0.588606 0.381464 0.027576 0.019050
13 0.631039 0.418657 0.009833 0.014212
13 0.631146 0.438313 0.009619 0.013003
3 0.681274 0.456607 0.072253 0.052616
15 0.679029 0.497430 0.004489 0.013910
0 0.614151 0.522528 0.075246 0.038101
3 0.682343 0.548836 0.074818 0.052616
0 0.681595 0.610221 0.075887 0.040520
0 0.681060 0.664500 0.073963 0.039008
0 0.681381 0.718476 0.074177 0.041125
3 0.680633 0.785153 0.072253 0.052918
6 0.681060 0.852132 0.073108 0.038101
8 0.715263 0.487904 0.036340 0.029936
17 0.742625 0.456154 0.008123 0.011793
3 0.796280 0.784548 0.071826 0.052313
6 0.796922 0.853039 0.074818 0.038706
1 0.773728 0.218022 0.073749 0.054430
