1 0.139803 0.267917 0.076528 0.056849
7 0.139910 0.350469 0.075032 0.047173
11 0.232685 0.316752 0.011330 0.013003
11 0.232578 0.395222 0.009833 0.013305
3 0.233219 0.452374 0.073963 0.053220
12 0.140231 0.453432 0.026507 0.018446
13 0.183091 0.490172 0.010047 0.013910
13 0.182664 0.510735 0.011330 0.014515
8 0.264750 0.517539 0.054938 0.037799
7 0.139162 0.596916 0.077811 0.047173
11 0.232792 0.640308 0.009406 0.011188
0 0.232685 0.691412 0.075032 0.040218
6 0.232471 0.750983 0.074605 0.041427
1 0.446345 0.268521 0.081231 0.061687
6 0.537088 0.268370 0.075887 0.044451
11 0.537195 0.317055 0.009833 0.013003
11 0.537088 0.394920 0.009192 0.012700
7 0.444634 0.351678 0.076101 0.045963
12 0.444528 0.440581 0.027148 0.019353
3 0.538050 0.438917 0.073536 0.052313
13 0.487174 0.477170 0.009406 0.012700
13 0.487602 0.498034 0.010688 0.013910
8 0.571184 0.504989 0.053869 0.044149
7 0.444207 0.556849 0.079521 0.046870
0 0.537302 0.638343 0.078452 0.041730
11 0.537088 0.600998 0.009192 0.012398
0 0.537195 0.697006 0.076956 0.047173
0 0.537088 0.757333 0.075460 0.040822
6 0.538050 0.815845 0.079521 0.040520
1 0.729478 0.267765 0.075887 0.058361
6 0.822681 0.266405 0.078025 0.041730
7 0.729478 0.350922 0.075887 0.050499
0 0.822681 0.431055 0.075032 0.046870
0 0.821505 0.491080 0.075246 0.039915
0 0.822253 0.549894 0.073749 0.039008
8 0.871313 0.520714 0.020522 0.030844
11 0.822360 0.315845 0.009406 0.011793
11 0.822253 0.394769 0.009619 0.011793
0 0.822894 0.608860 0.076315 0.043846
0 0.822360 0.693831 0.075673 0.042032
13 0.772445 0.723314 0.010047 0.015724
6 0.822574 0.753402 0.077383 0.042032
8 0.872809 0.638796 0.019667 0.039008
7 0.730761 0.613093 0.078880 0.051708
6 0.233326 0.268068 0.078025 0.043242
