4 0.317764 0.209253 0.075460 0.038706
5 0.227661 0.208951 0.070971 0.038706
8 0.366503 0.250227 0.019453 0.072876
11 0.271056 0.280012 0.008123 0.011491
13 0.320971 0.299214 0.008337 0.012398
13 0.320971 0.319625 0.008764 0.012096
1 0.271804 0.546265 0.077170 0.058361
1 0.463767 0.545510 0.076742 0.059268
1 0.545105 0.545510 0.075246 0.058059
1 0.625909 0.545056 0.074818 0.057756
3 0.545212 0.445872 0.071612 0.052918
3 0.626229 0.348503 0.072467 0.051104
13 0.675182 0.298911 0.010047 0.013607
13 0.675395 0.319020 0.010475 0.013910
5 0.579521 0.209102 0.063275 0.043846
4 0.672082 0.209404 0.073108 0.038403
8 0.720393 0.251285 0.020522 0.081645
11 0.625481 0.279861 0.008123 0.011188
