16 0.381253 0.242667 0.079735 0.071061
16 0.461629 0.242213 0.078452 0.071364
16 0.543395 0.258996 0.079949 0.035984
16 0.623878 0.259450 0.078452 0.036287
12 0.654981 0.295434 0.026507 0.018143
12 0.574177 0.295434 0.026080 0.017539
12 0.493053 0.295283 0.025438 0.016631
12 0.412356 0.295585 0.026507 0.017841
8 0.415776 0.357424 0.040188 0.033868
17 0.377512 0.319323 0.008978 0.011491
1 0.377726 0.414575 0.075673 0.058059
16 0.458850 0.553825 0.073322 0.040218
16 0.539333 0.553523 0.074391 0.038403
16 0.620457 0.553674 0.073749 0.037496
3 0.376443 0.544451 0.073536 0.054732
16 0.377405 0.613698 0.008337 0.011188
1 0.377405 0.692471 0.072467 0.055035
