6 0.443993 0.218022 0.078666 0.042334
1 0.536127 0.217569 0.073108 0.054732
7 0.351005 0.218476 0.073536 0.045661
3 0.443779 0.312217 0.071398 0.052313
15 0.447200 0.279559 0.007696 0.011793
11 0.443459 0.267009 0.008337 0.011491
15 0.441214 0.349864 0.004703 0.012700
0 0.443459 0.379800 0.073322 0.038101
3 0.443779 0.446780 0.071826 0.052918
12 0.535806 0.446326 0.028003 0.018748
13 0.493159 0.484125 0.009833 0.013305
13 0.493373 0.504082 0.009406 0.013305
17 0.381894 0.521923 0.008337 0.013305
3 0.443886 0.521016 0.074177 0.054430
8 0.488029 0.558210 0.031210 0.032658
0 0.443459 0.589054 0.072894 0.038101
3 0.443886 0.655277 0.075032 0.053825
0 0.640552 0.492894 0.075887 0.043544
3 0.328666 0.572422 0.077170 0.054430
6 0.328132 0.656486 0.075673 0.040520
6 0.212805 0.656184 0.074177 0.039915
0 0.212163 0.379498 0.075887 0.041730
11 0.211950 0.428787 0.007909 0.011491
7 0.118961 0.378893 0.082728 0.043544
