3 0.420586 0.267614 0.079307 0.067735
0 0.420693 0.403387 0.109448 0.030239
3 0.417807 0.485183 0.077170 0.062594
0 0.560923 0.530390 0.129970 0.038706
0 0.419731 0.585274 0.067336 0.027517
0 0.536233 0.606592 0.077597 0.068340
0 0.536340 0.710916 0.067123 0.036287
0 0.653591 0.649834 0.066054 0.035077
3 0.653271 0.724675 0.074818 0.063804
19 0.536447 0.507862 0.003634 0.009374
19 0.418982 0.449652 0.004275 0.009676
19 0.419089 0.568945 0.002779 0.009979
19 0.415455 0.341699 0.007054 0.006048
19 0.419196 0.389023 0.004275 0.009979
19 0.536447 0.569247 0.003634 0.009374
19 0.536554 0.688993 0.005130 0.010584
19 0.653698 0.628213 0.005130 0.009979
19 0.688863 0.650136 0.006627 0.006653
19 0.654019 0.689144 0.003206 0.010886
19 0.653912 0.810402 0.004275 0.010886
