6 0.585878 0.140765 0.173269 0.038692
0 0.584064 0.227341 0.175688 0.041257
0 0.582855 0.276935 0.172059 0.037837
1 0.356668 0.185229 0.176897 0.042540
11 0.583611 0.312740 0.018143 0.011116
0 0.584669 0.350791 0.167221 0.040616
0 0.583308 0.415562 0.169943 0.039761
3 0.583762 0.481402 0.167826 0.036340
8 0.634412 0.513574 0.039311 0.024156
0 0.583006 0.550342 0.172362 0.039547
3 0.586634 0.610838 0.177200 0.039119
6 0.356063 0.647499 0.170850 0.039333
2 0.353190 0.727020 0.172362 0.038478
0 0.583459 0.717507 0.173874 0.038692
0 0.582401 0.766139 0.171757 0.037195
6 0.356063 0.773621 0.162988 0.035058
6 0.582703 0.828666 0.163290 0.035271
