6 0.505292 0.142689 0.178409 0.037409
1 0.298307 0.198268 0.182340 0.042112
11 0.503780 0.231830 0.018143 0.012185
4 0.644844 0.249359 0.161778 0.037837
7 0.298609 0.303121 0.180526 0.038478
17 0.503326 0.302693 0.019050 0.012826
11 0.503931 0.349295 0.019050 0.012398
0 0.503326 0.388841 0.170245 0.040188
0 0.503780 0.437260 0.169338 0.036982
8 0.545207 0.468256 0.044149 0.022445
7 0.299667 0.437901 0.178409 0.038264
11 0.503629 0.508444 0.018446 0.013040
0 0.503175 0.549487 0.170547 0.037837
6 0.503780 0.789867 0.165709 0.034203
