6 0.599637 0.140445 0.172966 0.035913
5 0.406108 0.177319 0.172966 0.039119
2 0.404748 0.253206 0.172059 0.039119
11 0.596916 0.210667 0.017539 0.010475
11 0.596613 0.284737 0.018143 0.010261
17 0.596764 0.360197 0.015422 0.010688
0 0.596311 0.387879 0.167523 0.037837
0 0.596916 0.436725 0.168733 0.037195
0 0.596613 0.538264 0.168733 0.037623
0 0.596916 0.615968 0.168733 0.036982
0 0.597369 0.666097 0.170245 0.038478
11 0.596008 0.575460 0.015724 0.010261
6 0.598125 0.735143 0.163895 0.033775
4 0.405352 0.537944 0.170850 0.038692
0 0.217115 0.538799 0.169338 0.039119
