6 0.589658 0.142369 0.165104 0.039333
1 0.360448 0.197307 0.171152 0.039761
11 0.588902 0.232044 0.018446 0.012612
11 0.588449 0.329307 0.018748 0.012612
7 0.361052 0.286447 0.175990 0.040188
0 0.589205 0.383497 0.175083 0.043181
3 0.590414 0.432877 0.172059 0.036768
8 0.642728 0.466546 0.043846 0.028431
0 0.588600 0.514429 0.173269 0.039119
8 0.633505 0.559855 0.044149 0.048739
11 0.588600 0.582300 0.017236 0.012398
11 0.588600 0.648354 0.017236 0.011971
4 0.361204 0.512826 0.155730 0.040616
7 0.361355 0.606776 0.171152 0.038264
0 0.588449 0.695703 0.171757 0.040402
0 0.588600 0.747542 0.173874 0.039761
8 0.590263 0.821932 0.176595 0.038906
12 0.902631 0.439397 0.027215 0.019025
