5 0.847691 0.262171 0.017743 0.012700
5 0.847798 0.298004 0.020522 0.013607
5 0.847371 0.501814 0.020522 0.013607
5 0.847798 0.533868 0.020522 0.013607
132 0.822788 0.776535 0.008978 0.010281
132 0.822467 0.536740 0.007909 0.012700
132 0.823215 0.571213 0.008978 0.010281
132 0.823429 0.742667 0.008978 0.010281
132 0.822146 0.604778 0.008978 0.010281
132 0.822360 0.674025 0.008978 0.010281
132 0.823001 0.691563 0.008978 0.010281
132 0.823215 0.758694 0.008978 0.010281
132 0.822788 0.708497 0.009833 0.011491
132 0.822574 0.725431 0.008978 0.010281
132 0.823429 0.297853 0.008978 0.010281
132 0.822574 0.332930 0.008978 0.010281
132 0.823001 0.367100 0.008978 0.010281
132 0.822788 0.401270 0.008978 0.010281
132 0.823856 0.434533 0.008978 0.010281
132 0.822360 0.502873 0.008978 0.010281
132 0.824070 0.468098 0.008978 0.010281
132 0.823643 0.195646 0.008978 0.010281
132 0.823429 0.263683 0.008978 0.010281
132 0.822574 0.229816 0.008978 0.010281
132 0.822574 0.162080 0.008978 0.010281
117 0.671975 0.159964 0.019453 0.014515
148 0.673685 0.332779 0.022018 0.025703
