13 0.462163 0.181433 0.017956 0.026005
132 0.435870 0.168128 0.008123 0.011491
132 0.436511 0.181736 0.008123 0.011491
132 0.435870 0.194134 0.008123 0.011491
83 0.407653 0.168582 0.007268 0.013003
83 0.417165 0.196250 0.007482 0.010281
135 0.385635 0.166465 0.012826 0.011793
135 0.385849 0.177956 0.012826 0.011793
135 0.386276 0.191563 0.012826 0.011793
117 0.342133 0.166767 0.019025 0.014212
117 0.342240 0.180375 0.018811 0.010584
117 0.342454 0.193831 0.018384 0.012700
116 0.407332 0.250832 0.009619 0.027517
116 0.417593 0.252192 0.007482 0.027215
78 0.280996 0.233444 0.009192 0.011491
58 0.263467 0.182340 0.013895 0.014515
10 0.264857 0.221197 0.018811 0.028727
83 0.280248 0.222407 0.004703 0.007560
83 0.193566 0.168582 0.006627 0.009374
83 0.221142 0.167977 0.006627 0.009374
83 0.229906 0.195192 0.006627 0.009374
83 0.203399 0.195494 0.006627 0.009374
110 0.157867 0.181131 0.033561 0.043544
76 0.193352 0.250983 0.008337 0.021772
76 0.202330 0.250378 0.008337 0.021772
76 0.221142 0.251285 0.008337 0.021772
76 0.230547 0.250680 0.008337 0.021772
76 0.264002 0.314484 0.014964 0.033868
83 0.407332 0.301935 0.006627 0.011793
83 0.417165 0.327336 0.005772 0.009374
117 0.417700 0.366647 0.008551 0.027517
148 0.326742 0.406713 0.018598 0.026005
83 0.366075 0.405957 0.006627 0.011793
27 0.187046 0.407318 0.020094 0.012096
117 0.143224 0.403992 0.017956 0.012700
83 0.108273 0.405957 0.007482 0.008769
141 0.237708 0.480042 0.025652 0.021470
76 0.365648 0.521470 0.011757 0.023284
83 0.365220 0.553825 0.006199 0.008769
83 0.237174 0.651497 0.010475 0.011793
76 0.237174 0.520865 0.011757 0.023284
76 0.109555 0.519958 0.011757 0.023284
83 0.236319 0.553523 0.006199 0.008769
83 0.108914 0.653009 0.010475 0.011793
83 0.366717 0.652404 0.010475 0.011793
83 0.365220 0.618990 0.009192 0.010886
83 0.366075 0.684608 0.009192 0.010886
121 0.325566 0.685213 0.018811 0.025401
81 0.326208 0.554279 0.017529 0.028425
132 0.307076 0.553372 0.009192 0.009072
132 0.347050 0.554128 0.010047 0.011793
5 0.186832 0.649229 0.019239 0.015724
34 0.108807 0.585425 0.009833 0.030239
117 0.272232 0.552616 0.019025 0.013607
152 0.274476 0.832930 0.040616 0.124887
27 0.229372 0.851678 0.020522 0.010584
27 0.142796 0.882824 0.020522 0.010584
5 0.186191 0.881464 0.018811 0.013305
83 0.366289 0.850922 0.009192 0.010886
83 0.308572 0.883580 0.009192 0.010886
83 0.211950 0.882976 0.009192 0.010886
117 0.230333 0.913970 0.019880 0.011793
148 0.327063 0.883278 0.020094 0.025401
148 0.325780 0.652555 0.020094 0.025401
132 0.823749 0.384790 0.008337 0.009979
132 0.823749 0.418355 0.008337 0.009979
132 0.822894 0.451013 0.008337 0.009979
132 0.823322 0.485032 0.008337 0.010281
132 0.822681 0.503175 0.008337 0.010281
132 0.823536 0.656184 0.008337 0.010281
132 0.822894 0.605987 0.008337 0.010281
132 0.823749 0.588751 0.008337 0.010281
132 0.822467 0.571213 0.008337 0.010281
132 0.823108 0.673420 0.008337 0.010281
83 0.752993 0.384487 0.006199 0.008769
83 0.752779 0.434986 0.006199 0.008769
83 0.752565 0.401119 0.006199 0.008769
7 0.717614 0.364983 0.022232 0.010281
117 0.717721 0.399153 0.020735 0.009072
117 0.718042 0.432718 0.021377 0.013305
