13 0.462163 0.182038 0.020522 0.033263
132 0.435763 0.168582 0.008337 0.011793
132 0.436191 0.181282 0.008337 0.011793
132 0.435763 0.196402 0.008337 0.011793
83 0.416845 0.194436 0.005130 0.009072
83 0.406691 0.168733 0.006199 0.009072
83 0.416417 0.327790 0.005130 0.009072
83 0.407653 0.301784 0.005130 0.009072
83 0.231295 0.194436 0.005130 0.009072
83 0.221462 0.168733 0.005130 0.009072
83 0.202437 0.194134 0.005130 0.009072
83 0.193886 0.168431 0.005130 0.009072
78 0.281103 0.234200 0.011116 0.011793
10 0.264109 0.221802 0.019025 0.026308
76 0.203399 0.251436 0.009619 0.022679
76 0.221355 0.250529 0.009619 0.022679
76 0.230975 0.250227 0.009619 0.022679
76 0.192711 0.250529 0.009619 0.022679
83 0.108487 0.404899 0.005772 0.012096
83 0.108914 0.438766 0.005772 0.012096
83 0.366289 0.439673 0.005772 0.012096
83 0.366717 0.407318 0.005772 0.012096
132 0.108273 0.244481 0.008337 0.011793
132 0.107845 0.227850 0.008337 0.011793
76 0.107418 0.519655 0.009619 0.022679
135 0.385207 0.165407 0.013681 0.012096
135 0.385849 0.190807 0.013681 0.012096
135 0.386062 0.177805 0.013681 0.012096
58 0.263895 0.183852 0.016888 0.016934
110 0.157012 0.182492 0.036982 0.045661
117 0.145041 0.405050 0.019453 0.010584
117 0.143972 0.437406 0.019453 0.010584
76 0.237388 0.520562 0.009619 0.022679
132 0.306648 0.554128 0.008337 0.011793
132 0.345554 0.553523 0.008337 0.011793
76 0.365861 0.520562 0.009619 0.022679
83 0.236640 0.554884 0.005130 0.009072
117 0.272445 0.551708 0.019453 0.010584
83 0.365755 0.553069 0.004703 0.009072
83 0.236960 0.651950 0.005772 0.010281
83 0.365327 0.618083 0.004703 0.009072
83 0.365327 0.684306 0.005985 0.006653
83 0.364900 0.650741 0.005985 0.006653
83 0.109128 0.653462 0.005772 0.010281
117 0.229265 0.914575 0.019453 0.010584
83 0.307289 0.883883 0.005772 0.010281
83 0.366289 0.850922 0.005772 0.010281
83 0.212377 0.881766 0.005772 0.010281
116 0.418982 0.366042 0.009406 0.031751
121 0.325780 0.685818 0.019239 0.024796
27 0.186084 0.406864 0.022018 0.014817
27 0.229906 0.849864 0.022018 0.014817
27 0.144613 0.882220 0.022018 0.014817
34 0.107525 0.586937 0.008978 0.029634
141 0.236426 0.480647 0.030355 0.023889
148 0.327383 0.406411 0.019880 0.026610
148 0.326315 0.439673 0.019880 0.026610
148 0.325887 0.883883 0.019880 0.026610
117 0.341278 0.180375 0.019453 0.010584
117 0.341920 0.194285 0.019453 0.010584
117 0.342561 0.166767 0.019453 0.010584
116 0.408722 0.251890 0.008551 0.026005
116 0.417914 0.250378 0.007696 0.029029
5 0.848012 0.415482 0.020094 0.013910
5 0.187046 0.881766 0.020094 0.013910
141 0.263895 0.315694 0.020735 0.035077
132 0.824605 0.383883 0.010475 0.014817
132 0.823322 0.416843 0.010475 0.014817
132 0.824177 0.453130 0.010475 0.014817
132 0.823322 0.485788 0.010475 0.014817
132 0.823322 0.504536 0.010475 0.014817
132 0.822467 0.537799 0.010475 0.014817
132 0.823749 0.554430 0.010475 0.014817
132 0.823322 0.570457 0.010475 0.014817
132 0.822894 0.588902 0.010475 0.014817
132 0.823322 0.607348 0.010475 0.014817
132 0.822894 0.622770 0.010475 0.014817
132 0.822894 0.641216 0.010475 0.014817
132 0.823322 0.674176 0.010475 0.014817
132 0.822894 0.692319 0.010475 0.014817
83 0.752138 0.402933 0.006627 0.011188
83 0.790188 0.486997 0.006627 0.011188
83 0.778645 0.503629 0.006627 0.011188
83 0.752138 0.435591 0.006627 0.011188
83 0.752779 0.384790 0.006627 0.011188
5 0.185977 0.651043 0.020094 0.013910
3 0.848760 0.449955 0.019880 0.014515
117 0.716652 0.399305 0.019453 0.010584
117 0.717721 0.432567 0.019453 0.010584
1 0.848226 0.484276 0.018811 0.015422
7 0.718256 0.365437 0.022232 0.015422
81 0.326422 0.554581 0.017529 0.026610
10 0.409897 0.610070 0.013467 0.019050
10 0.725737 0.272452 0.012398 0.015724
152 0.274583 0.837466 0.042112 0.117629
148 0.325887 0.651346 0.019880 0.026610
