132 0.823536 0.607348 0.009192 0.012398
132 0.823963 0.434382 0.009192 0.012398
132 0.823322 0.571969 0.009192 0.012398
132 0.823322 0.537194 0.009192 0.012398
132 0.823322 0.504233 0.009192 0.012398
132 0.822681 0.468854 0.009192 0.012398
132 0.823536 0.401421 0.009192 0.012398
132 0.823749 0.367554 0.009192 0.012398
132 0.823963 0.333384 0.009192 0.012398
132 0.824391 0.298004 0.009192 0.012398
132 0.823108 0.265346 0.009192 0.012398
132 0.824177 0.231479 0.009192 0.012398
132 0.823749 0.197006 0.009192 0.012398
132 0.824818 0.161324 0.009192 0.012398
83 0.806221 0.163139 0.008764 0.011793
83 0.782065 0.228152 0.008764 0.011793
83 0.794036 0.195192 0.008764 0.011793
83 0.770735 0.264439 0.008764 0.011793
83 0.758551 0.298307 0.008764 0.011793
83 0.745297 0.332477 0.008764 0.011793
83 0.733112 0.367856 0.008764 0.011793
83 0.644399 0.333989 0.008764 0.011793
83 0.643972 0.300423 0.008764 0.011793
83 0.643330 0.197309 0.008764 0.011793
5 0.673044 0.295585 0.018170 0.014212
5 0.672937 0.262625 0.018811 0.015422
3 0.670799 0.329604 0.021377 0.014515
81 0.673365 0.196402 0.016246 0.025703
81 0.672830 0.161476 0.017315 0.024796
