13 0.462163 0.207741 0.018384 0.027215
132 0.435977 0.169035 0.007909 0.010281
132 0.435977 0.194134 0.007909 0.010281
132 0.435977 0.181433 0.007909 0.010281
132 0.436832 0.220441 0.007909 0.010281
132 0.436618 0.234654 0.007909 0.010281
132 0.437260 0.246749 0.007909 0.010281
83 0.418448 0.169943 0.007054 0.009072
83 0.403057 0.220139 0.008337 0.011491
83 0.384887 0.246447 0.008337 0.011491
83 0.394720 0.234049 0.008337 0.011491
83 0.428281 0.235259 0.008337 0.011491
116 0.429457 0.302540 0.008551 0.028122
116 0.419410 0.302842 0.008551 0.028122
116 0.402950 0.303145 0.008551 0.028122
116 0.395041 0.302540 0.008551 0.028122
116 0.386704 0.303447 0.008551 0.028122
117 0.353784 0.167372 0.018811 0.011793
117 0.353356 0.180375 0.018811 0.011793
117 0.354211 0.194587 0.018811 0.011793
117 0.352394 0.220441 0.019880 0.013305
117 0.351967 0.232839 0.019880 0.013305
117 0.353677 0.245842 0.019880 0.013305
117 0.353249 0.233444 0.019880 0.013305
83 0.310496 0.168128 0.007482 0.010886
58 0.244228 0.182492 0.022445 0.012398
78 0.262292 0.233293 0.011543 0.008769
10 0.245190 0.221953 0.017956 0.027215
83 0.205964 0.170094 0.007054 0.012398
83 0.328239 0.194436 0.007482 0.010886
83 0.319047 0.183248 0.007482 0.010886
83 0.109128 0.458422 0.008337 0.011491
83 0.199551 0.491684 0.008337 0.011491
83 0.365220 0.556396 0.008337 0.011491
83 0.366717 0.524342 0.008337 0.011491
83 0.366503 0.457817 0.008337 0.011491
83 0.290188 0.458119 0.008337 0.011491
83 0.427640 0.381010 0.008337 0.011491
83 0.393224 0.337466 0.008337 0.011491
83 0.418662 0.353493 0.006627 0.011491
116 0.429457 0.417750 0.008551 0.028122
83 0.199551 0.456910 0.008337 0.011491
117 0.142262 0.456758 0.019880 0.012398
27 0.180740 0.458422 0.018598 0.013305
117 0.217507 0.553825 0.019880 0.012398
83 0.235464 0.556698 0.008337 0.011491
83 0.199658 0.557303 0.008551 0.011491
117 0.217721 0.588902 0.019880 0.012398
83 0.235464 0.586937 0.008337 0.011491
117 0.254062 0.620653 0.019880 0.012398
83 0.271804 0.557000 0.008337 0.011491
83 0.272445 0.589054 0.008337 0.011491
83 0.365648 0.589054 0.007482 0.009676
83 0.366075 0.654067 0.007482 0.009676
83 0.109021 0.655277 0.007268 0.009676
27 0.325887 0.458270 0.019025 0.009979
148 0.254917 0.457666 0.019025 0.028122
148 0.325246 0.555488 0.020735 0.026005
148 0.326208 0.523284 0.020522 0.025703
148 0.255024 0.491231 0.020522 0.028122
148 0.326101 0.587844 0.020735 0.026005
148 0.326528 0.654370 0.020735 0.026005
141 0.237281 0.695192 0.024369 0.019958
117 0.143117 0.653311 0.019880 0.012398
141 0.264109 0.366647 0.015177 0.034170
76 0.214301 0.251285 0.008337 0.021772
76 0.204681 0.250680 0.008337 0.021772
76 0.191428 0.250076 0.008337 0.021772
76 0.181381 0.250680 0.008337 0.021772
110 0.158080 0.181131 0.035271 0.044754
83 0.214301 0.195192 0.005772 0.010584
83 0.191214 0.195797 0.005772 0.010584
83 0.182450 0.169791 0.005772 0.010584
135 0.281851 0.165256 0.012185 0.013607
135 0.282706 0.189447 0.012185 0.013607
135 0.281851 0.178863 0.012185 0.013607
76 0.365968 0.736317 0.009833 0.021167
76 0.237495 0.736317 0.010261 0.021772
76 0.108593 0.735712 0.010261 0.021772
34 0.108059 0.825975 0.007909 0.026913
117 0.272232 0.766102 0.022018 0.012398
117 0.271590 0.816601 0.022018 0.012398
83 0.365220 0.767765 0.007482 0.009676
83 0.237174 0.766556 0.007482 0.009676
83 0.237602 0.819171 0.007482 0.009676
83 0.292326 0.818567 0.007482 0.009676
83 0.365861 0.817962 0.007482 0.009676
132 0.346195 0.817811 0.006199 0.010584
132 0.306755 0.818264 0.006841 0.012700
81 0.325780 0.818718 0.021377 0.024493
83 0.365434 0.875718 0.007482 0.009676
83 0.365861 0.908981 0.007482 0.009676
95 0.254382 0.585727 0.017956 0.014515
9 0.217614 0.457061 0.020094 0.016027
27 0.290829 0.589507 0.019025 0.009979
132 0.822574 0.213487 0.006841 0.011491
132 0.822788 0.349562 0.006841 0.011491
132 0.822360 0.246447 0.006841 0.011491
132 0.822360 0.280314 0.006841 0.011491
132 0.822360 0.314787 0.006841 0.011491
132 0.823643 0.383731 0.006841 0.011491
132 0.823215 0.417297 0.006841 0.011491
132 0.823643 0.451467 0.006841 0.011491
117 0.780676 0.211823 0.020094 0.012398
5 0.847798 0.313728 0.017956 0.011793
5 0.847157 0.414726 0.018811 0.013607
5 0.847264 0.347142 0.019025 0.015119
5 0.848012 0.448594 0.018811 0.013607
83 0.805366 0.383580 0.005772 0.010584
83 0.769025 0.400514 0.005772 0.010584
83 0.793822 0.417750 0.005772 0.010584
83 0.769025 0.382976 0.005772 0.010584
83 0.781851 0.451618 0.005772 0.010584
83 0.768811 0.434986 0.005772 0.010584
7 0.717828 0.364983 0.020094 0.012096
117 0.717828 0.399305 0.017956 0.012398
117 0.717721 0.433626 0.020308 0.013305
117 0.696238 0.434382 0.007268 0.008769
117 0.717721 0.484729 0.017743 0.010886
150 0.747755 0.486997 0.019667 0.011188
81 0.326849 0.767614 0.019667 0.025098
