13 0.461736 0.180980 0.016246 0.026308
132 0.436511 0.168431 0.006413 0.009072
132 0.436084 0.181131 0.007268 0.009676
132 0.436084 0.194738 0.007268 0.009676
135 0.384566 0.165407 0.016674 0.013305
135 0.385849 0.178409 0.016674 0.013305
135 0.384994 0.192622 0.016674 0.013305
110 0.158294 0.182189 0.035699 0.043242
76 0.193886 0.251739 0.007696 0.022679
76 0.203078 0.251134 0.007696 0.022679
76 0.221890 0.251739 0.007696 0.022679
76 0.231082 0.251134 0.007696 0.022679
10 0.263788 0.223919 0.019239 0.026913
78 0.281744 0.235107 0.012398 0.010584
83 0.194848 0.168733 0.008337 0.009072
83 0.221569 0.168128 0.008337 0.009072
83 0.230761 0.195646 0.008337 0.009072
83 0.202758 0.194134 0.008337 0.009072
83 0.417379 0.194738 0.008337 0.009072
83 0.408615 0.167221 0.008337 0.009072
83 0.406477 0.300877 0.008337 0.009072
83 0.417165 0.326278 0.008337 0.009072
83 0.365434 0.405806 0.008337 0.009072
83 0.109128 0.406411 0.008337 0.009072
83 0.365220 0.553069 0.008337 0.009072
83 0.237174 0.554279 0.008337 0.009072
83 0.364151 0.618083 0.008337 0.009072
83 0.365861 0.653160 0.008337 0.009072
83 0.365434 0.685818 0.008337 0.009072
83 0.107952 0.652555 0.007268 0.011491
83 0.237174 0.651346 0.008337 0.009072
83 0.366503 0.851225 0.005772 0.009676
76 0.236853 0.521470 0.007696 0.022679
76 0.364900 0.520865 0.007696 0.022679
76 0.108593 0.521470 0.007696 0.022679
148 0.326635 0.406108 0.019239 0.024191
148 0.325994 0.883429 0.018811 0.025703
121 0.326956 0.684608 0.021163 0.025401
81 0.326956 0.553825 0.021163 0.026913
132 0.346195 0.553372 0.008764 0.009072
132 0.307076 0.553976 0.008764 0.009072
141 0.237815 0.479589 0.028858 0.022982
141 0.263147 0.314636 0.014964 0.033565
132 0.108059 0.228757 0.007054 0.009979
132 0.108487 0.244179 0.007054 0.009979
58 0.265284 0.182189 0.019239 0.013003
10 0.408401 0.610523 0.011757 0.020562
117 0.272125 0.553069 0.020949 0.014515
34 0.108380 0.587088 0.011543 0.026308
117 0.341599 0.195343 0.020949 0.014515
117 0.342240 0.182038 0.020949 0.014515
117 0.342240 0.167221 0.020949 0.014515
83 0.753100 0.384790 0.007696 0.007560
83 0.751603 0.399607 0.007696 0.007560
132 0.823856 0.383429 0.008978 0.012700
132 0.822360 0.416994 0.008978 0.012700
132 0.823429 0.450862 0.008978 0.012700
117 0.717614 0.433172 0.018384 0.010584
117 0.718042 0.399607 0.018384 0.010584
10 0.725203 0.271999 0.010902 0.017236
117 0.142796 0.404596 0.020949 0.014515
5 0.186618 0.881010 0.018811 0.014212
5 0.186618 0.650741 0.021804 0.016329
116 0.417059 0.249773 0.008123 0.030239
116 0.408080 0.250832 0.008551 0.028122
116 0.417272 0.365739 0.008551 0.028122
27 0.229799 0.851376 0.019239 0.013003
27 0.142582 0.882522 0.019239 0.013003
83 0.212591 0.883731 0.006199 0.008164
117 0.230761 0.913517 0.020308 0.013305
83 0.307503 0.883883 0.005772 0.009676
27 0.186191 0.406864 0.019239 0.013003
132 0.822788 0.726036 0.008978 0.012700
132 0.823856 0.742365 0.008978 0.012700
5 0.848012 0.413668 0.021804 0.016329
3 0.848012 0.448896 0.018811 0.016631
7 0.717828 0.365286 0.019239 0.013910
152 0.274904 0.836105 0.042753 0.121560
148 0.327490 0.652706 0.019667 0.026913
