13 0.462698 0.181282 0.021163 0.025098
132 0.435336 0.169035 0.008337 0.010281
132 0.436084 0.194738 0.006841 0.010281
132 0.435549 0.181736 0.008337 0.010281
135 0.384780 0.165558 0.018811 0.011188
135 0.385635 0.178561 0.018811 0.011188
135 0.386062 0.191866 0.018811 0.011188
117 0.341599 0.166163 0.018811 0.012398
117 0.342454 0.192773 0.018811 0.012398
117 0.341385 0.181282 0.018811 0.012398
10 0.262933 0.181736 0.025652 0.022982
76 0.203078 0.251890 0.011116 0.024191
76 0.193886 0.251285 0.011116 0.024191
110 0.157332 0.182340 0.036340 0.044754
117 0.142582 0.404596 0.019667 0.013305
83 0.108380 0.405050 0.011543 0.014817
83 0.365541 0.404899 0.010688 0.010281
148 0.327063 0.405957 0.017101 0.028122
76 0.365541 0.521318 0.012826 0.025401
76 0.237388 0.522528 0.009192 0.027820
76 0.108059 0.521923 0.009192 0.027820
141 0.237602 0.480798 0.033134 0.022377
117 0.272018 0.553976 0.019453 0.012700
132 0.306434 0.554581 0.007482 0.013305
132 0.346409 0.554884 0.007482 0.013305
81 0.325673 0.554581 0.022445 0.025401
83 0.365541 0.552464 0.010688 0.010281
83 0.237067 0.554884 0.010688 0.010281
83 0.365755 0.618990 0.010688 0.010281
83 0.108380 0.652858 0.010688 0.010281
83 0.236426 0.652555 0.010688 0.010281
83 0.364044 0.686423 0.010688 0.010281
83 0.365541 0.652858 0.010688 0.010281
121 0.325887 0.683096 0.022018 0.026610
5 0.186298 0.649834 0.020308 0.013305
27 0.142903 0.717418 0.019025 0.009979
35 0.108380 0.587390 0.009406 0.029936
132 0.823536 0.691412 0.008337 0.013607
132 0.823322 0.382976 0.008337 0.013607
132 0.823536 0.418657 0.008337 0.013607
132 0.823963 0.486997 0.008337 0.013607
132 0.823322 0.452525 0.008337 0.013607
132 0.822681 0.503326 0.008337 0.013607
132 0.821398 0.537194 0.008337 0.013607
132 0.821398 0.672664 0.008337 0.013607
132 0.822253 0.555035 0.008337 0.013607
132 0.822039 0.571061 0.008337 0.013607
132 0.822467 0.606743 0.008337 0.013607
132 0.823108 0.587693 0.008337 0.013607
132 0.822894 0.639704 0.008337 0.013607
132 0.821612 0.623072 0.008337 0.013607
5 0.849401 0.415634 0.019025 0.014817
3 0.846622 0.448896 0.022018 0.014817
1 0.847691 0.484427 0.020308 0.015724
83 0.806862 0.384487 0.006199 0.009374
83 0.751924 0.469156 0.006199 0.009374
83 0.752565 0.434382 0.006199 0.009374
83 0.782279 0.451920 0.006199 0.009374
83 0.794036 0.417448 0.006199 0.009374
83 0.753634 0.381464 0.006199 0.009374
83 0.791043 0.486393 0.006199 0.009374
83 0.779072 0.502721 0.006199 0.009374
83 0.689077 0.452223 0.006199 0.009374
7 0.717294 0.365437 0.021590 0.011188
117 0.718683 0.434079 0.020094 0.012398
95 0.718897 0.467342 0.022232 0.016631
148 0.326315 0.651950 0.019880 0.026610
148 0.326528 0.718476 0.019880 0.026610
83 0.203292 0.193831 0.007268 0.013910
83 0.192604 0.169035 0.007268 0.013910
