83 0.366396 0.245691 0.005985 0.009979
83 0.366182 0.278349 0.005985 0.009979
83 0.364900 0.310705 0.005985 0.009979
83 0.365113 0.343363 0.005985 0.009979
83 0.365327 0.376323 0.005985 0.009979
83 0.365327 0.450711 0.005985 0.009979
83 0.221035 0.450106 0.005985 0.009979
83 0.255665 0.309495 0.005985 0.009979
83 0.257375 0.277139 0.005985 0.009979
83 0.203933 0.276081 0.007268 0.012096
83 0.109128 0.269882 0.007482 0.011188
83 0.107631 0.440429 0.007482 0.011188
83 0.211522 0.607348 0.007482 0.011188
83 0.365434 0.574690 0.007482 0.011188
83 0.308572 0.607650 0.007482 0.011188
83 0.303121 0.277139 0.005985 0.009979
132 0.346302 0.449199 0.006413 0.011793
132 0.235143 0.448594 0.006413 0.011793
132 0.244335 0.376928 0.006413 0.011793
132 0.207781 0.375113 0.006413 0.011793
117 0.279179 0.342909 0.021377 0.013305
117 0.226593 0.375265 0.021804 0.016934
117 0.186404 0.429695 0.021377 0.013305
27 0.230227 0.574539 0.021377 0.010281
117 0.230227 0.637133 0.021377 0.013305
148 0.326742 0.343211 0.019880 0.029634
27 0.143865 0.606592 0.021377 0.010281
117 0.226379 0.277291 0.021377 0.013305
81 0.847798 0.161778 0.017956 0.025401
132 0.822146 0.197006 0.008551 0.011793
132 0.822360 0.161022 0.008551 0.011793
132 0.823643 0.230572 0.008551 0.011793
132 0.822788 0.263532 0.008551 0.011793
132 0.823215 0.298004 0.008551 0.011793
132 0.823215 0.333384 0.008551 0.011793
132 0.822146 0.367251 0.008551 0.011793
132 0.822788 0.400514 0.008551 0.011793
132 0.823001 0.434382 0.008551 0.011793
132 0.823215 0.469459 0.008551 0.011793
132 0.823001 0.503024 0.008551 0.011793
132 0.822574 0.538403 0.008551 0.011793
132 0.823001 0.572271 0.008551 0.011793
132 0.822788 0.689900 0.008551 0.011793
132 0.823429 0.604929 0.008551 0.011793
132 0.822360 0.637587 0.008551 0.011793
132 0.822360 0.654521 0.008551 0.011793
132 0.823001 0.672362 0.008551 0.011793
132 0.823001 0.726489 0.008551 0.011793
132 0.823001 0.708346 0.008551 0.011793
132 0.823429 0.741609 0.008551 0.011793
132 0.823001 0.759147 0.008551 0.011793
132 0.823215 0.792410 0.008551 0.011793
132 0.823108 0.826278 0.007054 0.014817
132 0.822681 0.825673 0.007054 0.014817
132 0.823536 0.861052 0.007054 0.014817
81 0.848653 0.400060 0.018384 0.027215
117 0.672937 0.757787 0.021804 0.010281
117 0.672296 0.229060 0.023087 0.010584
65 0.256413 0.446780 0.017315 0.013607
5 0.186618 0.604929 0.017956 0.013003
43 0.135314 0.441034 0.018811 0.023284
5 0.847478 0.330511 0.019453 0.012700
5 0.847691 0.364379 0.019453 0.012700
5 0.847905 0.568189 0.019453 0.012700
5 0.847478 0.603568 0.019453 0.012700
43 0.182343 0.269277 0.018811 0.023284
5 0.142475 0.268824 0.018598 0.014515
95 0.278645 0.274267 0.019880 0.012700
29 0.290509 0.450862 0.018811 0.010281
121 0.325887 0.243725 0.016460 0.027215
152 0.275224 0.559722 0.039547 0.117932
148 0.325780 0.378591 0.020094 0.025401
148 0.325353 0.450862 0.020094 0.025401
148 0.326315 0.604475 0.019880 0.029634
148 0.327170 0.276686 0.019880 0.029634
148 0.327170 0.311763 0.019880 0.029634
