3 0.847584 0.449047 0.018384 0.016329
10 0.263574 0.222407 0.018384 0.022679
78 0.281317 0.235259 0.008551 0.012096
141 0.263681 0.315845 0.016032 0.032960
76 0.193138 0.251436 0.008764 0.023889
76 0.203185 0.250832 0.008764 0.023889
76 0.220714 0.251436 0.008764 0.023889
76 0.230333 0.250832 0.008764 0.023889
27 0.186618 0.407469 0.017956 0.013607
148 0.325566 0.404143 0.017101 0.028122
83 0.236960 0.554279 0.006627 0.009676
83 0.107845 0.407620 0.006627 0.009676
83 0.202544 0.195041 0.006627 0.009676
83 0.193352 0.168733 0.006627 0.009676
83 0.220500 0.168128 0.006627 0.009676
83 0.229692 0.195041 0.006627 0.009676
83 0.407332 0.169640 0.006627 0.009676
83 0.417165 0.195646 0.006627 0.009676
83 0.416952 0.327487 0.006627 0.009676
83 0.416524 0.326882 0.006627 0.009676
83 0.407546 0.300877 0.006627 0.009676
135 0.385528 0.165860 0.014750 0.013003
135 0.387024 0.178258 0.014750 0.013003
135 0.385100 0.191563 0.013895 0.013607
132 0.435977 0.169489 0.010475 0.011793
132 0.435977 0.182492 0.010475 0.011793
132 0.435122 0.194285 0.010475 0.011793
13 0.461522 0.180677 0.018811 0.031751
58 0.264109 0.182492 0.014322 0.013003
110 0.158401 0.181887 0.035485 0.043846
76 0.236960 0.521470 0.008764 0.023889
76 0.108487 0.521167 0.008764 0.023889
141 0.237388 0.480194 0.026721 0.022377
83 0.364793 0.404899 0.006627 0.009676
83 0.365861 0.553674 0.006627 0.009676
83 0.236960 0.652555 0.006627 0.009676
83 0.109128 0.651043 0.006627 0.009676
83 0.365220 0.652253 0.006627 0.009676
83 0.365434 0.684911 0.006627 0.009676
83 0.365648 0.619897 0.006627 0.009676
83 0.364793 0.850318 0.006627 0.009676
121 0.326742 0.684457 0.018170 0.028727
132 0.307289 0.552162 0.008337 0.012096
76 0.365968 0.521167 0.007268 0.022679
27 0.142582 0.883883 0.017956 0.015119
27 0.230120 0.851225 0.019453 0.015119
83 0.307931 0.882976 0.006627 0.009676
83 0.211522 0.882673 0.006627 0.009676
117 0.229799 0.916087 0.018384 0.014817
117 0.142796 0.405050 0.018384 0.014817
5 0.848653 0.414726 0.020522 0.016027
1 0.848226 0.483822 0.022232 0.014515
132 0.824070 0.419867 0.013254 0.019050
132 0.823963 0.383278 0.010902 0.014817
132 0.823643 0.452525 0.013254 0.019050
132 0.823536 0.488207 0.010475 0.016027
132 0.822681 0.537496 0.009192 0.013607
132 0.823429 0.502117 0.009833 0.011793
132 0.822788 0.553674 0.008978 0.009676
132 0.822574 0.572271 0.008123 0.014212
132 0.823322 0.589658 0.009192 0.015119
132 0.823749 0.605383 0.009619 0.013910
132 0.822574 0.622770 0.009406 0.013003
132 0.822788 0.672815 0.009406 0.009676
132 0.823001 0.639552 0.008123 0.012096
132 0.823001 0.690807 0.008551 0.014817
117 0.272232 0.553220 0.021590 0.016027
117 0.718576 0.434684 0.021590 0.016027
117 0.716652 0.400816 0.021590 0.016027
83 0.752138 0.384185 0.008764 0.008769
83 0.752779 0.401421 0.008764 0.008769
83 0.790509 0.485334 0.008551 0.009072
83 0.753206 0.434382 0.008764 0.008769
83 0.778324 0.503477 0.008551 0.009072
148 0.326635 0.882824 0.018384 0.026308
7 0.717187 0.365437 0.019239 0.013607
34 0.108914 0.586332 0.012612 0.029634
5 0.186404 0.651799 0.020522 0.014817
5 0.186404 0.881917 0.020522 0.014817
117 0.342454 0.167221 0.018811 0.011491
117 0.341813 0.181585 0.019239 0.010584
117 0.341385 0.193378 0.019239 0.010584
116 0.418662 0.250680 0.009192 0.030844
116 0.408401 0.251588 0.009192 0.030844
116 0.416952 0.365588 0.009192 0.030844
10 0.726058 0.272301 0.012185 0.016631
10 0.408829 0.610977 0.012185 0.016631
81 0.326422 0.553976 0.020949 0.026610
131 0.259619 0.801331 0.006199 0.009676
131 0.289974 0.802238 0.006199 0.009676
131 0.289547 0.817962 0.006199 0.009676
131 0.259833 0.817357 0.006199 0.009676
131 0.259406 0.850015 0.006199 0.009676
131 0.289119 0.851225 0.006199 0.009676
131 0.289761 0.881766 0.006199 0.009676
131 0.258123 0.882673 0.006199 0.009676
148 0.326849 0.652102 0.017101 0.028122
