110 0.158080 0.182038 0.036554 0.044149
83 0.193886 0.168884 0.007268 0.009979
83 0.202758 0.194285 0.007482 0.009374
76 0.204040 0.250832 0.010047 0.022074
76 0.192817 0.250680 0.009406 0.024191
10 0.263681 0.181433 0.017743 0.026610
135 0.386276 0.165558 0.014536 0.012398
135 0.386490 0.179165 0.014536 0.012398
135 0.385207 0.191866 0.014536 0.012398
132 0.436191 0.168431 0.007054 0.011491
132 0.435977 0.181736 0.007054 0.011491
132 0.436404 0.194738 0.007054 0.011491
13 0.461736 0.181585 0.017956 0.024493
148 0.326315 0.405806 0.019025 0.028425
83 0.365220 0.405957 0.007054 0.011188
81 0.325780 0.553674 0.017956 0.025401
132 0.346302 0.554279 0.008551 0.012096
132 0.306541 0.553372 0.008551 0.012096
83 0.108487 0.406562 0.007054 0.011188
83 0.236746 0.651497 0.007054 0.011188
83 0.366289 0.652102 0.007054 0.011188
83 0.365648 0.618234 0.007054 0.011188
83 0.365434 0.554430 0.007054 0.011188
76 0.366289 0.520411 0.009192 0.025401
76 0.107845 0.521621 0.009192 0.025401
76 0.236319 0.521621 0.009192 0.025401
141 0.237388 0.480798 0.028431 0.020562
121 0.326849 0.684911 0.020094 0.030239
132 0.823963 0.383580 0.006627 0.014817
132 0.823108 0.451315 0.007482 0.011793
10 0.408935 0.611733 0.011543 0.016329
10 0.726165 0.273360 0.012826 0.018143
83 0.753206 0.384790 0.009192 0.011793
5 0.186939 0.651497 0.022445 0.013607
5 0.848546 0.414122 0.022445 0.013607
117 0.143972 0.404596 0.020735 0.015119
117 0.271590 0.553069 0.020735 0.015119
117 0.342454 0.193075 0.021377 0.013003
117 0.342133 0.179921 0.019453 0.013910
117 0.340744 0.166767 0.021377 0.013003
34 0.109342 0.586786 0.011330 0.026913
83 0.236960 0.553523 0.007054 0.011188
117 0.718576 0.434382 0.019880 0.013003
7 0.716866 0.366949 0.019880 0.015422
3 0.847584 0.449047 0.021377 0.013910
132 0.823643 0.417750 0.008551 0.011188
148 0.326742 0.653160 0.019025 0.028425
