13 0.460881 0.208044 0.018811 0.030844
83 0.307503 0.169489 0.010475 0.010584
83 0.314558 0.181736 0.007054 0.011491
83 0.324605 0.195948 0.007054 0.011491
83 0.398782 0.220744 0.007054 0.011491
83 0.414600 0.168733 0.007054 0.011491
83 0.423365 0.234351 0.007054 0.011491
83 0.379756 0.246145 0.007054 0.011491
83 0.389162 0.233142 0.007054 0.011491
83 0.215584 0.196250 0.007054 0.011491
83 0.205964 0.168431 0.007054 0.011491
83 0.183305 0.168128 0.007054 0.011491
83 0.192069 0.193226 0.007054 0.011491
83 0.291471 0.458119 0.007054 0.011491
83 0.199124 0.459329 0.007054 0.011491
83 0.200192 0.492591 0.007054 0.011491
83 0.200192 0.524645 0.007054 0.011491
83 0.235464 0.523738 0.007054 0.011491
83 0.366503 0.523586 0.007054 0.013003
83 0.364793 0.456305 0.007054 0.011491
83 0.366075 0.556849 0.007054 0.013003
83 0.364365 0.623375 0.007054 0.013003
83 0.365220 0.737073 0.007054 0.013003
83 0.238029 0.736468 0.007054 0.013003
83 0.109128 0.623677 0.007054 0.013003
83 0.108914 0.458875 0.007054 0.013003
83 0.365861 0.868310 0.007054 0.013003
83 0.424006 0.378591 0.007054 0.011491
83 0.414814 0.351073 0.007054 0.011491
83 0.389376 0.334140 0.007054 0.011491
83 0.752779 0.384336 0.008764 0.011491
83 0.751283 0.400363 0.008764 0.011491
83 0.753206 0.434533 0.008764 0.011491
83 0.792326 0.487148 0.008764 0.011491
83 0.778431 0.503175 0.008764 0.011491
132 0.823536 0.692017 0.009192 0.011793
132 0.823322 0.673269 0.009192 0.011793
132 0.822894 0.640611 0.009192 0.011793
132 0.823108 0.623979 0.009192 0.011793
132 0.824177 0.588600 0.009192 0.011793
132 0.822681 0.606138 0.009192 0.011793
132 0.823108 0.570759 0.009192 0.011793
132 0.822253 0.553825 0.009192 0.011793
132 0.823749 0.538101 0.009192 0.011793
132 0.823749 0.503326 0.009192 0.011793
132 0.823322 0.485485 0.009192 0.011793
132 0.822894 0.453130 0.009192 0.011793
132 0.823536 0.419262 0.009192 0.011793
132 0.823749 0.382976 0.009192 0.011793
10 0.245618 0.223012 0.018811 0.025703
135 0.279179 0.165407 0.013681 0.011491
135 0.279820 0.177805 0.013681 0.011491
135 0.280034 0.191715 0.013681 0.011491
110 0.146751 0.180375 0.034416 0.043846
76 0.181702 0.251739 0.009833 0.024493
76 0.191321 0.251134 0.009833 0.024493
76 0.205216 0.250529 0.009833 0.024493
76 0.215904 0.250832 0.009833 0.024493
76 0.108807 0.704112 0.009833 0.024493
76 0.237708 0.703508 0.009833 0.024493
76 0.365968 0.702903 0.009833 0.024493
141 0.237495 0.663441 0.029500 0.022982
148 0.326956 0.522679 0.020735 0.028727
148 0.326101 0.621863 0.020735 0.028727
117 0.143330 0.456910 0.018598 0.013910
117 0.254703 0.587390 0.021590 0.015422
117 0.719004 0.434382 0.021590 0.015422
117 0.217721 0.522377 0.021590 0.015422
117 0.143117 0.619444 0.021590 0.015422
117 0.719004 0.400816 0.021590 0.015422
117 0.348440 0.194134 0.018384 0.011491
117 0.348867 0.179014 0.018384 0.011491
117 0.348440 0.166616 0.018384 0.011491
117 0.349081 0.219837 0.018384 0.011491
117 0.348653 0.246145 0.018384 0.011491
117 0.348440 0.233142 0.018384 0.011491
116 0.425502 0.416994 0.011330 0.026005
132 0.435870 0.168431 0.009406 0.012700
132 0.436511 0.182038 0.009406 0.012700
132 0.436511 0.196855 0.009406 0.012700
132 0.437580 0.221046 0.009406 0.012700
132 0.437153 0.234049 0.009406 0.012700
132 0.436298 0.248866 0.009406 0.012700
116 0.424327 0.303145 0.010688 0.031146
116 0.399209 0.303296 0.008764 0.030844
116 0.389162 0.302691 0.008764 0.030844
116 0.381466 0.302994 0.008764 0.030844
141 0.264109 0.366495 0.015177 0.036891
27 0.181060 0.459178 0.021377 0.015422
27 0.326208 0.458875 0.019667 0.016027
132 0.345874 0.737224 0.009406 0.012700
132 0.307396 0.737224 0.008551 0.010886
117 0.270949 0.735259 0.021590 0.015422
3 0.847371 0.448896 0.018384 0.016027
1 0.848119 0.484427 0.020735 0.013910
5 0.848867 0.416692 0.018811 0.013910
7 0.717401 0.365286 0.023087 0.013910
34 0.109342 0.771696 0.009192 0.033868
117 0.217294 0.555035 0.021590 0.015422
27 0.290723 0.558059 0.019667 0.016027
9 0.217721 0.454944 0.019025 0.014817
95 0.254382 0.553372 0.020522 0.018748
10 0.725417 0.272150 0.011330 0.020562
10 0.409470 0.859692 0.013040 0.015119
81 0.326101 0.737526 0.021163 0.026610
148 0.326956 0.558361 0.020735 0.028727
148 0.253420 0.489719 0.020735 0.028727
148 0.255130 0.457363 0.020735 0.028727
78 0.263467 0.234200 0.010902 0.015422
