13 0.462163 0.182189 0.020522 0.026913
132 0.435870 0.169187 0.006413 0.011188
132 0.435977 0.194890 0.005772 0.011188
132 0.436084 0.181887 0.006413 0.011188
83 0.413638 0.170547 0.008978 0.010281
83 0.422403 0.194738 0.008978 0.010281
135 0.396751 0.166314 0.012398 0.011491
135 0.397392 0.192017 0.012398 0.011491
135 0.397392 0.179014 0.012398 0.011491
83 0.384780 0.169791 0.006413 0.008769
83 0.367144 0.195646 0.006199 0.009676
83 0.377726 0.183399 0.006413 0.008769
83 0.297670 0.169035 0.007482 0.010281
83 0.317123 0.195041 0.007482 0.010281
83 0.307931 0.181736 0.007482 0.010281
83 0.280782 0.221349 0.004917 0.007257
10 0.263788 0.222407 0.017529 0.022679
78 0.282065 0.234503 0.011757 0.010584
83 0.192817 0.169640 0.008551 0.013305
83 0.202437 0.193529 0.008551 0.010886
83 0.221142 0.167977 0.007482 0.009374
83 0.231189 0.195494 0.007482 0.009374
110 0.157653 0.181282 0.036982 0.045661
76 0.230868 0.250983 0.007268 0.021167
76 0.221890 0.251285 0.007268 0.021167
76 0.202223 0.251285 0.007268 0.021167
76 0.193886 0.250378 0.007268 0.021167
141 0.264109 0.315089 0.013895 0.036891
117 0.342454 0.220895 0.018811 0.011188
117 0.342027 0.192773 0.018811 0.011188
117 0.342240 0.180980 0.018811 0.011188
117 0.341599 0.166767 0.018811 0.011188
117 0.342027 0.244784 0.018811 0.011188
117 0.342240 0.232991 0.018811 0.011188
116 0.413318 0.251739 0.009192 0.029332
116 0.422937 0.252041 0.009192 0.029332
83 0.413318 0.300121 0.006199 0.010584
83 0.422296 0.327790 0.006627 0.009072
116 0.423258 0.365739 0.008551 0.027517
83 0.365648 0.440127 0.006199 0.010584
83 0.365648 0.407167 0.006199 0.010584
148 0.326315 0.405957 0.018598 0.025703
148 0.326849 0.438615 0.020522 0.028122
27 0.271804 0.407620 0.021163 0.010281
27 0.271377 0.439976 0.021163 0.010281
27 0.142475 0.405503 0.021163 0.010281
83 0.165135 0.405655 0.006199 0.010584
83 0.108700 0.406562 0.006199 0.010584
117 0.186191 0.404748 0.020522 0.013003
117 0.185763 0.436801 0.020522 0.013003
132 0.108166 0.227699 0.008978 0.011491
132 0.108166 0.244633 0.008978 0.011491
141 0.236960 0.480042 0.026721 0.020865
76 0.236960 0.520714 0.010047 0.021772
76 0.108700 0.519202 0.010047 0.021772
76 0.365006 0.521318 0.010047 0.021772
83 0.365006 0.553825 0.006199 0.010584
83 0.236319 0.553523 0.006199 0.010584
83 0.236960 0.619444 0.006199 0.010584
117 0.271377 0.552616 0.020735 0.013607
117 0.272018 0.619141 0.020735 0.013607
132 0.306648 0.554279 0.006199 0.010281
132 0.345554 0.553674 0.006199 0.010281
83 0.337858 0.554430 0.006199 0.010584
81 0.326101 0.553372 0.016888 0.021772
81 0.326528 0.619292 0.016888 0.021772
83 0.366503 0.685969 0.006199 0.010584
132 0.306648 0.618990 0.006199 0.010281
83 0.366075 0.718627 0.006199 0.010584
83 0.366717 0.749168 0.006199 0.010584
83 0.365006 0.784548 0.006199 0.010584
121 0.326528 0.783792 0.019880 0.024796
148 0.325139 0.717871 0.017101 0.024796
148 0.326101 0.749924 0.017743 0.027820
83 0.255772 0.784246 0.006199 0.010584
83 0.108487 0.816601 0.006199 0.010584
83 0.108059 0.784246 0.006199 0.010584
83 0.108487 0.750983 0.006199 0.010584
83 0.108059 0.718627 0.006199 0.010584
5 0.186618 0.715603 0.018811 0.011793
5 0.186298 0.747656 0.019453 0.010584
5 0.185870 0.747052 0.019453 0.010584
117 0.186618 0.781675 0.017101 0.010886
117 0.185442 0.813728 0.019453 0.011491
34 0.108380 0.586786 0.007268 0.027517
58 0.264643 0.183701 0.014536 0.011793
132 0.823108 0.383127 0.008337 0.013305
132 0.823536 0.451769 0.008337 0.013305
132 0.822894 0.417297 0.008337 0.013305
132 0.822681 0.485939 0.008337 0.013305
83 0.753206 0.384487 0.009192 0.010584
83 0.752779 0.434684 0.009192 0.010584
83 0.752993 0.399909 0.009192 0.010584
5 0.847371 0.415936 0.017956 0.013607
3 0.848012 0.450408 0.017956 0.013607
5 0.847584 0.483066 0.017956 0.013607
117 0.717294 0.398549 0.018170 0.012096
117 0.717721 0.500756 0.018170 0.012096
117 0.716866 0.432114 0.018170 0.012096
7 0.717401 0.367251 0.020094 0.011793
