13 0.461629 0.208346 0.017315 0.030239
132 0.436191 0.168128 0.008764 0.010281
132 0.435336 0.352283 0.008764 0.010281
132 0.436832 0.220441 0.008764 0.010281
132 0.436404 0.194436 0.008764 0.010281
132 0.436404 0.235561 0.008764 0.010281
132 0.436404 0.249471 0.008764 0.010281
132 0.435549 0.180677 0.007482 0.009374
132 0.435763 0.377533 0.007482 0.009374
117 0.350363 0.168128 0.020949 0.011491
117 0.349936 0.167523 0.020949 0.011491
117 0.348012 0.221349 0.020949 0.011491
117 0.348653 0.247052 0.020949 0.011491
117 0.350150 0.194436 0.020949 0.011491
117 0.348653 0.231932 0.020949 0.011491
117 0.350150 0.181131 0.020949 0.011491
116 0.398995 0.302842 0.009619 0.026913
116 0.380398 0.300726 0.009619 0.026913
116 0.390231 0.302540 0.009619 0.026913
117 0.343095 0.377986 0.020949 0.011491
117 0.341599 0.349864 0.020949 0.011491
76 0.218897 0.251134 0.008978 0.020260
76 0.108380 0.703205 0.008978 0.020260
76 0.208636 0.250227 0.008978 0.020260
76 0.196879 0.249320 0.008978 0.020260
76 0.186618 0.251436 0.008978 0.020260
77 0.301838 0.352585 0.017101 0.011491
58 0.253420 0.181736 0.015605 0.010886
78 0.270842 0.235107 0.011543 0.008769
10 0.252672 0.221197 0.018811 0.025703
110 0.157546 0.180980 0.035485 0.044451
132 0.107097 0.167523 0.007696 0.010886
132 0.105601 0.182038 0.007696 0.010886
132 0.106456 0.195343 0.007696 0.010886
83 0.187260 0.167826 0.005558 0.006653
83 0.398247 0.221953 0.005558 0.006653
83 0.324070 0.194134 0.005558 0.006653
83 0.313809 0.182038 0.005558 0.006653
83 0.209277 0.167826 0.005558 0.006653
83 0.305472 0.168733 0.005558 0.006653
83 0.196879 0.193831 0.005558 0.006653
83 0.218790 0.194134 0.006627 0.010281
83 0.379436 0.248261 0.005558 0.006653
83 0.388841 0.235259 0.005558 0.006653
135 0.284096 0.178561 0.013681 0.011188
135 0.283668 0.191866 0.013681 0.011188
135 0.282599 0.165558 0.013681 0.011188
83 0.389483 0.335954 0.005558 0.006653
141 0.263147 0.366495 0.013254 0.035077
27 0.325460 0.459631 0.019025 0.012700
27 0.181808 0.456910 0.019025 0.012700
117 0.143010 0.457212 0.020949 0.011491
83 0.199230 0.458422 0.005558 0.006653
83 0.289440 0.457817 0.005558 0.006653
83 0.365113 0.557000 0.005558 0.006653
83 0.365327 0.524645 0.005558 0.006653
83 0.365968 0.458422 0.005558 0.006653
83 0.107525 0.458119 0.005558 0.006653
83 0.198375 0.489719 0.006841 0.009374
83 0.199658 0.522074 0.006841 0.009374
83 0.235785 0.556849 0.006841 0.009374
83 0.235785 0.522982 0.006841 0.009374
83 0.237067 0.736468 0.006841 0.009374
83 0.236640 0.833837 0.006841 0.009374
83 0.237708 0.817811 0.006841 0.009374
83 0.237708 0.801784 0.006841 0.009374
83 0.237067 0.783641 0.006841 0.009374
83 0.365968 0.801179 0.006841 0.009374
83 0.365541 0.834744 0.006841 0.009374
83 0.314237 0.835047 0.006841 0.009374
83 0.366182 0.735259 0.006841 0.009374
83 0.313596 0.803296 0.006841 0.009374
83 0.364472 0.884639 0.006841 0.009374
76 0.237067 0.706078 0.009833 0.025401
76 0.365968 0.703659 0.009833 0.025401
117 0.216118 0.553976 0.020949 0.011491
117 0.218256 0.521318 0.020949 0.011491
117 0.271056 0.833384 0.020949 0.011491
117 0.270628 0.801935 0.020949 0.011491
117 0.270842 0.733898 0.020949 0.011491
117 0.299059 0.784094 0.020949 0.011491
117 0.297563 0.816752 0.020949 0.011491
141 0.238136 0.663139 0.026080 0.020562
117 0.253955 0.587542 0.020949 0.011491
27 0.290402 0.557000 0.019880 0.010281
83 0.272980 0.555791 0.005558 0.006653
132 0.345661 0.736468 0.008978 0.011793
132 0.307183 0.736770 0.008978 0.011793
81 0.325780 0.736770 0.019667 0.026308
148 0.326208 0.523133 0.017529 0.029029
117 0.717935 0.397641 0.020735 0.013305
117 0.716439 0.434230 0.020735 0.013305
83 0.770094 0.384487 0.004489 0.010584
83 0.770522 0.403236 0.004489 0.010584
83 0.770308 0.433474 0.004489 0.010584
83 0.696345 0.451618 0.004489 0.010584
83 0.769667 0.383883 0.004489 0.010584
83 0.697520 0.417901 0.008978 0.007862
83 0.769667 0.366949 0.004489 0.010584
132 0.823322 0.384185 0.007909 0.008769
132 0.822894 0.416843 0.007909 0.008769
132 0.823108 0.451920 0.007909 0.008769
117 0.752138 0.484427 0.019453 0.011491
117 0.751924 0.339280 0.020735 0.013305
5 0.848653 0.415482 0.019239 0.012700
34 0.107952 0.769428 0.008978 0.030541
27 0.740060 0.726792 0.022659 0.011793
27 0.774690 0.724675 0.022659 0.011793
132 0.822894 0.724675 0.008337 0.009979
132 0.822467 0.742213 0.008337 0.009979
3 0.847584 0.449350 0.019239 0.013305
95 0.254275 0.552313 0.018170 0.014817
99 0.717935 0.341699 0.024156 0.013305
95 0.717507 0.482764 0.018170 0.014817
7 0.717935 0.365891 0.022018 0.013910
9 0.216759 0.456002 0.017529 0.016934
79 0.468469 0.353190 0.021590 0.020562
148 0.327063 0.558512 0.020949 0.029634
148 0.254168 0.491080 0.017529 0.029029
148 0.254168 0.459329 0.017529 0.029029
81 0.326422 0.803296 0.019667 0.026308
81 0.327704 0.834140 0.019667 0.026308
