13 0.462163 0.182643 0.018384 0.026005
132 0.435336 0.168279 0.007482 0.008769
132 0.437046 0.195494 0.007482 0.008769
132 0.436618 0.181887 0.007482 0.008769
135 0.385849 0.166767 0.012398 0.011793
135 0.385421 0.166163 0.012398 0.011793
135 0.384994 0.177956 0.012398 0.011793
135 0.385207 0.191261 0.012398 0.011793
83 0.407439 0.168279 0.005985 0.008769
83 0.417272 0.195797 0.005985 0.008769
116 0.417700 0.249320 0.008551 0.029936
116 0.408187 0.252344 0.009192 0.031146
117 0.340851 0.166616 0.020308 0.011491
117 0.341278 0.192924 0.020308 0.011491
117 0.342988 0.180224 0.020308 0.011491
58 0.263467 0.183701 0.018598 0.014212
78 0.281210 0.235107 0.010047 0.013003
83 0.280355 0.222861 0.007054 0.006048
10 0.264002 0.221802 0.019667 0.027517
110 0.158187 0.181736 0.038050 0.047173
83 0.194314 0.169035 0.006413 0.009676
83 0.407867 0.301179 0.006413 0.009676
83 0.231295 0.194134 0.006413 0.009676
83 0.202651 0.194436 0.006413 0.009676
83 0.221462 0.167826 0.006413 0.009676
83 0.416845 0.328092 0.006413 0.009676
76 0.193566 0.251285 0.009192 0.029029
76 0.221142 0.250680 0.009192 0.029029
76 0.230761 0.251588 0.009192 0.029029
76 0.203399 0.250983 0.009192 0.029029
141 0.263467 0.314484 0.016032 0.033868
83 0.108807 0.405655 0.007696 0.011793
117 0.142369 0.405050 0.020094 0.014817
117 0.143010 0.436196 0.020094 0.014817
83 0.108380 0.439825 0.007696 0.011793
27 0.185977 0.406562 0.017956 0.009374
148 0.326635 0.406864 0.017529 0.028727
148 0.326208 0.437557 0.019239 0.027820
76 0.365434 0.521318 0.009619 0.025401
76 0.237174 0.519806 0.009619 0.025401
76 0.108059 0.520109 0.009619 0.025401
141 0.238457 0.480798 0.030569 0.019353
117 0.271804 0.552313 0.019025 0.014212
81 0.325246 0.553825 0.019025 0.025098
132 0.307183 0.553825 0.008123 0.013607
132 0.346088 0.554732 0.008123 0.013607
83 0.365861 0.554732 0.006627 0.009979
83 0.107631 0.650892 0.007482 0.013003
83 0.365861 0.620351 0.007909 0.010584
83 0.364365 0.406259 0.006627 0.009979
83 0.366075 0.439220 0.006627 0.009979
5 0.186191 0.650590 0.017956 0.013607
83 0.236960 0.650590 0.006627 0.009979
83 0.235891 0.552918 0.006627 0.009979
34 0.107845 0.586786 0.008337 0.026913
27 0.143437 0.883127 0.020094 0.012398
27 0.230654 0.849864 0.020094 0.012398
121 0.326208 0.683701 0.018811 0.023586
148 0.326315 0.652404 0.017315 0.025703
117 0.417593 0.364530 0.008764 0.027517
132 0.108487 0.228001 0.008337 0.012096
132 0.108914 0.243423 0.008337 0.012096
5 0.186404 0.881464 0.018811 0.013305
117 0.230654 0.916087 0.022232 0.012398
83 0.366503 0.652404 0.006199 0.009374
83 0.211950 0.883883 0.007909 0.008467
83 0.365648 0.684155 0.006199 0.009374
83 0.308358 0.884034 0.006199 0.009374
83 0.365648 0.851376 0.006199 0.009374
148 0.326635 0.884034 0.019667 0.028122
152 0.275652 0.836256 0.041684 0.121863
132 0.821826 0.501966 0.009192 0.014515
132 0.822467 0.571213 0.009192 0.014515
132 0.822894 0.589054 0.009192 0.014515
132 0.823108 0.606894 0.009192 0.014515
132 0.823536 0.656184 0.009192 0.014515
132 0.823963 0.673420 0.009192 0.014515
132 0.821826 0.485032 0.009192 0.014515
132 0.822894 0.384941 0.009192 0.014515
132 0.822467 0.418204 0.009192 0.014515
132 0.822467 0.450257 0.009192 0.014515
117 0.717401 0.399456 0.017956 0.011491
117 0.717828 0.432718 0.017956 0.011491
5 0.846943 0.415180 0.018384 0.013910
3 0.848333 0.449199 0.019453 0.014212
3 0.717828 0.365135 0.018811 0.013003
83 0.752031 0.383278 0.007696 0.007560
83 0.752672 0.401119 0.007696 0.007560
83 0.752886 0.434382 0.007696 0.007560
