13 0.461950 0.182038 0.019239 0.027215
132 0.436832 0.169640 0.008337 0.007257
132 0.436404 0.194738 0.008337 0.007257
132 0.435122 0.180375 0.007482 0.010584
110 0.159042 0.180677 0.038478 0.047475
83 0.193779 0.169338 0.005772 0.007862
83 0.221997 0.170245 0.005772 0.007862
83 0.230333 0.196250 0.005772 0.007862
83 0.202758 0.193831 0.005772 0.007862
58 0.263574 0.183248 0.019239 0.010886
10 0.263895 0.222256 0.019880 0.024191
78 0.281744 0.234654 0.009833 0.010281
76 0.231723 0.252192 0.008123 0.022377
76 0.221248 0.250983 0.008123 0.022377
76 0.203292 0.251285 0.008123 0.022377
76 0.193886 0.250680 0.008123 0.022377
141 0.263895 0.315694 0.015177 0.034472
135 0.386062 0.164802 0.014536 0.012700
135 0.385635 0.178409 0.014536 0.012700
135 0.386276 0.190203 0.014536 0.012700
117 0.341492 0.166011 0.019453 0.015119
117 0.341813 0.194436 0.018811 0.012700
117 0.342240 0.181433 0.018811 0.012700
116 0.408935 0.250832 0.008551 0.027517
116 0.417700 0.250529 0.008551 0.027517
83 0.407653 0.169640 0.005985 0.008467
116 0.417272 0.365739 0.008551 0.027517
132 0.408080 0.301331 0.006841 0.012398
132 0.417059 0.327034 0.006841 0.012398
132 0.365541 0.404445 0.006841 0.012398
132 0.365113 0.439825 0.006841 0.012398
117 0.141727 0.404294 0.020949 0.013305
27 0.186191 0.406864 0.019667 0.012398
117 0.144506 0.437557 0.020949 0.013305
132 0.107525 0.407469 0.006841 0.012398
132 0.109235 0.438010 0.006841 0.012398
148 0.326422 0.406411 0.018811 0.025401
148 0.325780 0.653160 0.018811 0.025401
76 0.365755 0.521470 0.011116 0.022074
76 0.238136 0.520865 0.011116 0.022074
76 0.108380 0.520865 0.011116 0.022074
141 0.238350 0.480496 0.030355 0.021167
117 0.270842 0.552011 0.022232 0.012398
132 0.366182 0.555035 0.006841 0.012398
132 0.236426 0.555035 0.006841 0.012398
132 0.237067 0.653916 0.006841 0.012398
132 0.367465 0.653311 0.006841 0.012398
132 0.365541 0.620956 0.006841 0.012398
132 0.365541 0.685969 0.006841 0.012398
132 0.365113 0.719232 0.006841 0.012398
132 0.366823 0.848654 0.006841 0.012398
132 0.108380 0.719837 0.006841 0.012398
132 0.107311 0.652404 0.006841 0.012398
132 0.109021 0.718627 0.006841 0.012398
132 0.213125 0.882522 0.006841 0.012398
132 0.308679 0.881312 0.006841 0.012398
121 0.326422 0.685667 0.017529 0.024493
81 0.325673 0.553523 0.016032 0.025703
132 0.306755 0.555035 0.007696 0.011188
132 0.345447 0.553523 0.007696 0.011188
117 0.230440 0.914424 0.020094 0.013305
27 0.143010 0.718627 0.018384 0.008769
27 0.229799 0.850166 0.018384 0.008769
27 0.143437 0.882824 0.018384 0.008769
148 0.325887 0.883883 0.019025 0.025401
34 0.108700 0.586786 0.006627 0.025703
5 0.187473 0.650590 0.019239 0.013607
5 0.185549 0.879196 0.019239 0.013607
5 0.847798 0.450862 0.018384 0.015724
5 0.846516 0.415785 0.018384 0.015724
117 0.716973 0.400514 0.017529 0.013003
117 0.717614 0.434382 0.017529 0.013003
83 0.752245 0.384487 0.006413 0.009979
83 0.753100 0.402631 0.006413 0.009979
83 0.752672 0.435591 0.006413 0.009979
83 0.780889 0.451920 0.006413 0.009979
83 0.794143 0.417145 0.006413 0.009979
83 0.806755 0.383580 0.006413 0.009979
83 0.687901 0.450408 0.006413 0.009979
132 0.823643 0.418053 0.007268 0.013003
132 0.823001 0.384790 0.007268 0.013003
132 0.823643 0.450711 0.007268 0.013003
95 0.716011 0.483671 0.022445 0.011793
7 0.715904 0.364530 0.020094 0.009979
10 0.727341 0.272604 0.014750 0.019050
10 0.408294 0.611733 0.010261 0.018143
132 0.823429 0.725884 0.006413 0.010584
132 0.823215 0.743423 0.006413 0.010584
152 0.275545 0.837617 0.042753 0.119141
148 0.326635 0.439522 0.020522 0.026913
148 0.326208 0.716813 0.020522 0.026913
