110 0.319323 0.184053 0.078016 0.046601
10 0.525552 0.184481 0.034472 0.023514
13 0.843060 0.183839 0.055035 0.035913
52 0.434079 0.328132 0.036589 0.023514
81 0.724826 0.393972 0.025401 0.022659
81 0.725129 0.414707 0.025401 0.022659
81 0.724826 0.440787 0.025401 0.022659
81 0.726338 0.466652 0.025401 0.022659
121 0.725431 0.608273 0.032053 0.022445
148 0.725884 0.646109 0.031146 0.021163
123 0.725431 0.682022 0.033868 0.025011
148 0.726036 0.710988 0.036891 0.024369
76 0.388721 0.230227 0.017841 0.021804
76 0.414726 0.231723 0.017841 0.021804
76 0.462201 0.231723 0.017841 0.021804
76 0.485485 0.230868 0.017841 0.021804
76 0.174932 0.368534 0.017841 0.021804
76 0.433777 0.368961 0.017841 0.021804
76 0.773662 0.364686 0.017841 0.021804
142 0.538857 0.266032 0.038706 0.020735
44 0.611581 0.172189 0.016027 0.011757
44 0.610977 0.184587 0.016027 0.011757
44 0.611581 0.197200 0.016027 0.011757
44 0.702903 0.255772 0.016027 0.011757
44 0.701391 0.275224 0.016027 0.011757
135 0.701240 0.167914 0.027820 0.013895
135 0.701845 0.181381 0.027820 0.013895
135 0.702147 0.194207 0.027820 0.013895
117 0.564106 0.416524 0.037799 0.009192
117 0.561687 0.438970 0.037799 0.009192
117 0.563199 0.546067 0.037799 0.009192
117 0.563502 0.643117 0.037799 0.009192
34 0.174025 0.462912 0.014212 0.024156
33 0.310402 0.520628 0.035379 0.011757
5 0.562443 0.519346 0.039311 0.015605
5 0.564560 0.580269 0.039311 0.015605
117 0.562594 0.736105 0.037799 0.009192
31 0.425461 0.522552 0.037496 0.010902
119 0.310856 0.646109 0.037496 0.010047
119 0.310251 0.681381 0.037496 0.010047
119 0.423949 0.682450 0.037496 0.010047
119 0.561536 0.683091 0.037496 0.010047
91 0.218627 0.676999 0.039311 0.020522
95 0.560780 0.708529 0.037194 0.014750
83 0.388267 0.171334 0.009676 0.007054
83 0.411854 0.198268 0.009676 0.007054
83 0.462050 0.170693 0.009676 0.007054
83 0.487148 0.197627 0.009676 0.007054
83 0.748715 0.170906 0.009676 0.007054
83 0.766858 0.197627 0.009676 0.007054
83 0.432114 0.394506 0.009676 0.007054
83 0.432114 0.417807 0.009676 0.007054
83 0.618688 0.440894 0.009676 0.007054
83 0.772906 0.394506 0.009676 0.007054
83 0.772604 0.417807 0.009676 0.007054
83 0.772604 0.440252 0.009676 0.007054
83 0.772301 0.469324 0.009676 0.007054
83 0.771394 0.521911 0.009676 0.007054
83 0.618083 0.521911 0.009676 0.007054
83 0.494708 0.521911 0.009676 0.007054
83 0.452979 0.521270 0.009676 0.007054
83 0.172966 0.520842 0.009676 0.007054
83 0.174781 0.646109 0.009676 0.007054
83 0.619292 0.549273 0.009676 0.007054
83 0.771394 0.608914 0.009676 0.007054
83 0.620200 0.645254 0.009676 0.007054
83 0.771696 0.645254 0.009676 0.007054
83 0.772301 0.681167 0.009676 0.007054
83 0.618688 0.713232 0.009676 0.007054
83 0.506501 0.713018 0.009676 0.007054
83 0.506501 0.680312 0.009676 0.007054
