88 0.135207 0.137436 0.005344 0.008164
88 0.151240 0.160568 0.005772 0.007862
88 0.165990 0.184004 0.006199 0.007560
88 0.135635 0.350469 0.005772 0.007862
88 0.150599 0.385243 0.005772 0.006653
88 0.216973 0.352132 0.004275 0.008164
88 0.253634 0.384941 0.006627 0.008467
88 0.310603 0.385546 0.007696 0.007257
88 0.135742 0.569701 0.007268 0.012096
88 0.151133 0.589507 0.008551 0.008164
88 0.165990 0.608709 0.006199 0.008467
88 0.134994 0.695948 0.005772 0.009979
88 0.150599 0.730269 0.005772 0.008467
88 0.555366 0.524645 0.005985 0.006653
88 0.570971 0.545963 0.006841 0.008164
88 0.721462 0.524645 0.005985 0.010886
88 0.774904 0.525401 0.004703 0.006955
88 0.556862 0.401119 0.007696 0.006955
88 0.571398 0.422286 0.005130 0.006955
88 0.555579 0.291352 0.006413 0.006350
88 0.570329 0.314333 0.005985 0.008164
88 0.654553 0.292864 0.005558 0.006350
88 0.704681 0.313426 0.004917 0.006350
81 0.135742 0.253099 0.011543 0.030844
81 0.150705 0.253099 0.011543 0.030844
81 0.165883 0.252495 0.011543 0.030844
82 0.199017 0.351376 0.016674 0.014515
82 0.200299 0.385243 0.016674 0.014515
82 0.199872 0.569398 0.016674 0.014515
82 0.200299 0.590565 0.016674 0.014515
82 0.200299 0.610221 0.016674 0.014515
82 0.239205 0.695797 0.016674 0.014515
82 0.239846 0.729967 0.016674 0.014515
117 0.284416 0.343967 0.030996 0.077109
83 0.311030 0.395222 0.007696 0.009676
146 0.283882 0.688388 0.035485 0.079528
55 0.353997 0.586634 0.041471 0.052011
55 0.356776 0.710614 0.041471 0.052011
55 0.355280 0.369519 0.041471 0.052011
82 0.617892 0.292561 0.019025 0.014817
82 0.618106 0.313728 0.019025 0.014817
82 0.617892 0.399002 0.019025 0.014817
82 0.618747 0.424705 0.019025 0.014817
82 0.618320 0.525098 0.019025 0.014817
82 0.618534 0.547777 0.019025 0.014817
55 0.774904 0.302389 0.041471 0.048382
55 0.776614 0.411551 0.041471 0.048382
72 0.746687 0.492289 0.023942 0.030239
72 0.746259 0.524342 0.023942 0.030239
29 0.679778 0.525703 0.022232 0.010584
29 0.680205 0.546870 0.022232 0.010584
