95 0.162080 0.164493 0.023586 0.026721
95 0.182643 0.163638 0.023586 0.026721
95 0.203205 0.164280 0.023586 0.026721
97 0.513759 0.165883 0.015724 0.029927
97 0.534926 0.165455 0.015724 0.029927
97 0.557303 0.163318 0.015724 0.029927
62 0.164500 0.346729 0.033868 0.025652
62 0.207741 0.346302 0.033868 0.025652
83 0.249773 0.351112 0.020562 0.019880
82 0.377986 0.263254 0.046568 0.013040
82 0.376474 0.278858 0.046568 0.013040
82 0.378288 0.293822 0.046568 0.013040
55 0.667826 0.277148 0.050499 0.053228
55 0.667977 0.342240 0.052011 0.062420
113 0.259752 0.447093 0.059873 0.039547
113 0.353795 0.446451 0.059873 0.039547
113 0.445116 0.448162 0.059873 0.039547
113 0.542183 0.448375 0.059873 0.039547
113 0.635017 0.447520 0.059873 0.039547
113 0.728757 0.446879 0.059873 0.039547
113 0.817357 0.446451 0.059873 0.039547
113 0.819171 0.549914 0.059873 0.039547
113 0.726036 0.549273 0.059873 0.039547
113 0.636226 0.549059 0.059873 0.039547
113 0.543695 0.548632 0.059873 0.039547
113 0.449350 0.550128 0.059873 0.039547
113 0.355005 0.549914 0.059873 0.039547
113 0.258845 0.549914 0.059873 0.039547
113 0.259752 0.650171 0.059873 0.039547
113 0.355912 0.650171 0.059873 0.039547
113 0.447536 0.650171 0.059873 0.039547
113 0.541881 0.651454 0.059873 0.039547
113 0.633807 0.651454 0.059873 0.039547
113 0.724524 0.651667 0.059873 0.039547
113 0.818264 0.651240 0.059873 0.039547
113 0.819171 0.819688 0.059873 0.039547
113 0.726338 0.819474 0.059873 0.039547
113 0.635924 0.820543 0.059873 0.039547
113 0.540671 0.820757 0.059873 0.039547
113 0.445116 0.820115 0.059873 0.039547
113 0.351376 0.820329 0.059873 0.039547
113 0.258542 0.818833 0.059873 0.039547
146 0.260054 0.691321 0.044149 0.020094
146 0.355609 0.692604 0.044149 0.020094
88 0.165256 0.190145 0.009979 0.007482
88 0.186423 0.200834 0.009979 0.007482
88 0.208497 0.214301 0.009979 0.007482
88 0.208497 0.293608 0.009979 0.007482
88 0.162836 0.262185 0.009979 0.007482
88 0.185516 0.279286 0.009979 0.007482
88 0.219383 0.363083 0.009979 0.007482
88 0.164348 0.399637 0.009979 0.007482
88 0.188842 0.407760 0.009979 0.007482
88 0.206985 0.415883 0.009979 0.007482
88 0.239643 0.398782 0.009979 0.007482
88 0.257484 0.409042 0.009979 0.007482
88 0.276535 0.415669 0.009979 0.007482
88 0.331569 0.398995 0.009979 0.007482
88 0.350620 0.406691 0.009979 0.007482
88 0.369670 0.416310 0.009979 0.007482
88 0.424705 0.398140 0.009979 0.007482
88 0.442546 0.405836 0.009979 0.007482
88 0.461597 0.416738 0.009979 0.007482
88 0.522982 0.398568 0.009979 0.007482
88 0.539008 0.408187 0.009979 0.007482
88 0.558663 0.415669 0.009979 0.007482
88 0.632749 0.409470 0.009979 0.007482
88 0.614303 0.397071 0.009979 0.007482
88 0.649682 0.417165 0.009979 0.007482
88 0.708044 0.399423 0.009979 0.007482
88 0.724070 0.407118 0.009979 0.007482
88 0.743121 0.416952 0.009979 0.007482
88 0.800272 0.399423 0.009979 0.007482
88 0.816904 0.406905 0.009979 0.007482
88 0.833837 0.415669 0.009979 0.007482
88 0.833837 0.519132 0.009979 0.007482
88 0.815089 0.510581 0.009979 0.007482
88 0.801179 0.501603 0.009979 0.007482
88 0.708044 0.500107 0.009979 0.007482
88 0.724373 0.510368 0.009979 0.007482
88 0.651799 0.519560 0.009979 0.007482
88 0.742818 0.518491 0.009979 0.007482
88 0.631539 0.510154 0.009979 0.007482
88 0.613698 0.501176 0.009979 0.007482
88 0.522679 0.501817 0.009979 0.007482
88 0.558059 0.518491 0.009979 0.007482
88 0.537799 0.509940 0.009979 0.007482
88 0.430451 0.499893 0.009979 0.007482
88 0.448896 0.511223 0.009979 0.007482
88 0.465528 0.519346 0.009979 0.007482
88 0.370578 0.518491 0.009979 0.007482
88 0.350318 0.510581 0.009979 0.007482
88 0.332174 0.501603 0.009979 0.007482
88 0.241155 0.500107 0.009979 0.007482
88 0.257787 0.509085 0.009979 0.007482
88 0.275930 0.518491 0.009979 0.007482
88 0.206683 0.517422 0.009979 0.007482
88 0.185516 0.511650 0.009979 0.007482
88 0.163139 0.501603 0.009979 0.007482
88 0.164953 0.771804 0.009979 0.007482
88 0.184306 0.612334 0.009979 0.007482
88 0.208195 0.621526 0.009979 0.007482
88 0.240550 0.602287 0.009979 0.007482
88 0.465528 0.621313 0.009979 0.007482
88 0.257787 0.611265 0.009979 0.007482
88 0.275627 0.619816 0.009979 0.007482
88 0.336105 0.604639 0.009979 0.007482
88 0.352737 0.612121 0.009979 0.007482
88 0.371182 0.620671 0.009979 0.007482
88 0.427729 0.603142 0.009979 0.007482
88 0.447384 0.612121 0.009979 0.007482
88 0.521772 0.603784 0.009979 0.007482
88 0.540822 0.612334 0.009979 0.007482
88 0.559268 0.620030 0.009979 0.007482
88 0.613698 0.605280 0.009979 0.007482
88 0.634865 0.612334 0.009979 0.007482
88 0.651497 0.622381 0.009979 0.007482
88 0.705624 0.603784 0.009979 0.007482
88 0.725280 0.612762 0.009979 0.007482
88 0.744330 0.623023 0.009979 0.007482
88 0.800272 0.605066 0.009979 0.007482
88 0.815392 0.612334 0.009979 0.007482
88 0.835954 0.620457 0.009979 0.007482
88 0.188539 0.780355 0.009979 0.007482
88 0.208497 0.788478 0.009979 0.007482
88 0.240248 0.769453 0.009979 0.007482
88 0.256275 0.779714 0.009979 0.007482
88 0.276837 0.788692 0.009979 0.007482
88 0.366949 0.789440 0.009979 0.006841
88 0.330965 0.771163 0.009979 0.007482
88 0.348806 0.778645 0.009979 0.007482
88 0.424403 0.771270 0.009979 0.006841
88 0.443453 0.778965 0.009979 0.006841
88 0.461899 0.788799 0.009979 0.006841
88 0.521772 0.771697 0.009979 0.006841
88 0.539613 0.781317 0.009979 0.006841
88 0.559873 0.788585 0.009979 0.006841
88 0.615210 0.770415 0.009979 0.006841
88 0.632144 0.780676 0.009979 0.006841
88 0.650287 0.789440 0.009979 0.006841
88 0.704112 0.771270 0.009979 0.006841
88 0.725280 0.779179 0.009979 0.006841
88 0.742818 0.789012 0.009979 0.006841
88 0.798760 0.771697 0.009979 0.006841
88 0.818415 0.780248 0.009979 0.006841
88 0.836559 0.791150 0.009979 0.006841
