110 0.271848 0.128581 0.071969 0.042540
10 0.368612 0.091171 0.033868 0.023728
58 0.367402 0.127939 0.029029 0.016032
13 0.868158 0.152522 0.056849 0.041684
142 0.507257 0.259513 0.043846 0.024369
52 0.401119 0.324177 0.040218 0.022445
81 0.724070 0.384887 0.031751 0.019880
81 0.725582 0.408401 0.031751 0.019880
81 0.724070 0.431915 0.031751 0.019880
81 0.724070 0.458636 0.031751 0.019880
76 0.329301 0.217828 0.013910 0.022232
76 0.355609 0.218469 0.013910 0.022232
76 0.403689 0.218256 0.013910 0.022232
76 0.428485 0.218683 0.013910 0.022232
76 0.400968 0.362121 0.013910 0.022232
76 0.771999 0.353570 0.013910 0.022232
123 0.723919 0.530248 0.032658 0.022873
76 0.173571 0.352074 0.013910 0.022232
44 0.497581 0.116289 0.016631 0.011543
44 0.498186 0.128046 0.016631 0.011543
44 0.496069 0.142369 0.016631 0.011543
44 0.499093 0.165242 0.016631 0.011543
44 0.496069 0.178281 0.016631 0.011543
44 0.496069 0.192176 0.016631 0.011543
44 0.659964 0.114579 0.016631 0.011543
44 0.658452 0.128474 0.016631 0.011543
44 0.657847 0.141727 0.016631 0.011543
44 0.659057 0.165883 0.016631 0.011543
44 0.659359 0.179136 0.016631 0.011543
44 0.658452 0.192176 0.016631 0.011543
44 0.705322 0.154767 0.016631 0.011543
44 0.724070 0.154767 0.016631 0.011543
44 0.743725 0.155195 0.016631 0.011543
44 0.743121 0.213339 0.016631 0.011543
44 0.723465 0.212912 0.016631 0.011543
44 0.702298 0.214408 0.016631 0.011543
44 0.668431 0.250748 0.016631 0.011543
44 0.670547 0.267850 0.016631 0.011543
135 0.578772 0.111265 0.029634 0.011330
135 0.579679 0.125374 0.029634 0.011330
135 0.579679 0.137986 0.029634 0.011330
117 0.464167 0.406477 0.037496 0.012612
117 0.463865 0.429991 0.037496 0.012612
117 0.465376 0.457781 0.037496 0.012612
117 0.525249 0.587751 0.037496 0.012612
117 0.524645 0.633283 0.037496 0.012612
117 0.523738 0.661928 0.037496 0.012612
117 0.337164 0.694421 0.037496 0.012612
117 0.554884 0.812420 0.037496 0.012612
117 0.441488 0.784630 0.037496 0.012612
117 0.441488 0.752779 0.037496 0.012612
117 0.339583 0.724989 0.037496 0.012612
91 0.300121 0.524797 0.039613 0.019667
27 0.297399 0.590851 0.037799 0.010688
27 0.300121 0.560496 0.037799 0.010688
27 0.387814 0.561351 0.037799 0.010688
27 0.386907 0.590423 0.037799 0.010688
27 0.338827 0.634673 0.037799 0.010688
27 0.247808 0.633604 0.037799 0.010688
27 0.244784 0.695596 0.037799 0.010688
27 0.635168 0.663104 0.037799 0.010688
27 0.633656 0.635314 0.037799 0.010688
117 0.636529 0.589461 0.037496 0.012612
27 0.527215 0.532279 0.037799 0.010688
119 0.649834 0.786554 0.037496 0.012612
119 0.730269 0.697413 0.037496 0.012612
95 0.554581 0.784844 0.039915 0.014750
95 0.526459 0.557824 0.039915 0.014750
101 0.439069 0.695917 0.039915 0.014750
83 0.330360 0.114900 0.009374 0.007909
83 0.353946 0.141193 0.009374 0.007909
83 0.402933 0.113831 0.009374 0.007909
83 0.428031 0.140552 0.009374 0.007909
83 0.454339 0.114472 0.009374 0.007909
83 0.465225 0.128153 0.009374 0.007909
83 0.474297 0.142689 0.009374 0.007909
83 0.519353 0.139910 0.009374 0.007909
83 0.530239 0.127726 0.009374 0.007909
83 0.539915 0.115327 0.009374 0.007909
83 0.616420 0.114472 0.009374 0.007909
83 0.625189 0.127298 0.009374 0.007909
83 0.637285 0.141193 0.009374 0.007909
83 0.705624 0.115327 0.009374 0.007909
83 0.725884 0.129008 0.009374 0.007909
83 0.768824 0.115968 0.009374 0.007909
83 0.784246 0.141193 0.009374 0.007909
83 0.744028 0.141193 0.009374 0.007909
83 0.743423 0.191214 0.009374 0.007909
83 0.724977 0.178388 0.009374 0.007909
83 0.705322 0.165776 0.009374 0.007909
83 0.724977 0.227127 0.009374 0.007909
83 0.401724 0.383818 0.009374 0.007909
83 0.402328 0.408829 0.009374 0.007909
83 0.403236 0.432770 0.009374 0.007909
83 0.605534 0.432343 0.009374 0.007909
83 0.604929 0.460133 0.009374 0.007909
83 0.773662 0.385314 0.009374 0.007909
83 0.774267 0.408401 0.009374 0.007909
83 0.773360 0.431915 0.009374 0.007909
83 0.772150 0.459705 0.009374 0.007909
83 0.772150 0.529607 0.009374 0.007909
83 0.773662 0.561672 0.009374 0.007909
83 0.773360 0.589461 0.009374 0.007909
83 0.582855 0.590103 0.009374 0.007909
83 0.584366 0.559106 0.009374 0.007909
83 0.458270 0.559962 0.009374 0.007909
83 0.458270 0.589461 0.009374 0.007909
83 0.772755 0.634994 0.009374 0.007909
83 0.773662 0.662569 0.009374 0.007909
83 0.771243 0.694634 0.009374 0.007909
83 0.641820 0.695276 0.009374 0.007909
83 0.467947 0.634994 0.009374 0.007909
83 0.394769 0.695917 0.009374 0.007909
83 0.292864 0.694848 0.009374 0.007909
83 0.174025 0.695276 0.009374 0.007909
83 0.173118 0.633283 0.009374 0.007909
83 0.172513 0.530248 0.009374 0.007909
83 0.393257 0.727341 0.009374 0.007909
83 0.393257 0.756627 0.009374 0.007909
83 0.498186 0.756199 0.009374 0.007909
83 0.496069 0.785485 0.009374 0.007909
83 0.600998 0.786768 0.009374 0.007909
83 0.774267 0.756199 0.009374 0.007909
83 0.771243 0.787195 0.009374 0.007909
148 0.726036 0.590209 0.029634 0.021377
148 0.723919 0.634032 0.029634 0.021377
148 0.725431 0.663104 0.029634 0.021377
148 0.725431 0.756092 0.029634 0.021377
148 0.723919 0.787088 0.029634 0.021377
148 0.555186 0.695169 0.029634 0.021377
