55 0.321893 0.084758 0.080133 0.043822
146 0.447082 0.137238 0.050499 0.030782
146 0.690807 0.132428 0.032960 0.020735
146 0.750076 0.132001 0.032960 0.020735
146 0.809949 0.133070 0.032960 0.020735
86 0.690505 0.151347 0.020865 0.014109
86 0.750378 0.151133 0.020865 0.014109
86 0.810553 0.151133 0.020865 0.014109
87 0.758089 0.244121 0.060478 0.043608
83 0.735712 0.215584 0.012700 0.008764
121 0.582099 0.198162 0.033263 0.012398
123 0.582552 0.215370 0.032356 0.007482
9 0.396432 0.444314 0.029029 0.010047
9 0.396432 0.716866 0.029029 0.010047
83 0.540218 0.548846 0.017236 0.009619
83 0.541125 0.823322 0.017236 0.009619
62 0.497430 0.534737 0.044754 0.020735
62 0.495615 0.809000 0.044754 0.020735
123 0.667826 0.215156 0.032356 0.007482
44 0.455700 0.234823 0.035077 0.025438
62 0.496825 0.498397 0.044754 0.020735
62 0.495313 0.776935 0.044754 0.020735
113 0.307983 0.794357 0.090414 0.047029
113 0.315543 0.519025 0.090414 0.047029
139 0.515875 0.726699 0.015724 0.018598
139 0.534321 0.726913 0.015724 0.018598
139 0.535228 0.453720 0.015724 0.018598
139 0.516783 0.454147 0.015724 0.018598
139 0.437254 0.453078 0.015724 0.018598
139 0.438464 0.728196 0.015724 0.018598
88 0.425461 0.075673 0.009072 0.006841
88 0.469308 0.095126 0.009072 0.006841
88 0.498034 0.084652 0.009072 0.006841
88 0.765346 0.110731 0.009072 0.006841
88 0.705473 0.109021 0.009072 0.006841
88 0.607802 0.215690 0.009072 0.006841
88 0.540067 0.430740 0.009072 0.006841
88 0.540974 0.500214 0.009072 0.006841
88 0.540974 0.533775 0.009072 0.006841
88 0.540067 0.696238 0.009072 0.006841
88 0.539462 0.774476 0.009072 0.006841
88 0.539764 0.808038 0.009072 0.006841
