88 0.167807 0.194587 0.008123 0.012398
88 0.231509 0.193982 0.008123 0.012398
88 0.293501 0.193680 0.008123 0.012398
88 0.363189 0.191563 0.008123 0.012398
88 0.363831 0.338827 0.008123 0.012398
88 0.429457 0.414726 0.008123 0.012398
88 0.468576 0.416541 0.008123 0.012398
88 0.574391 0.191866 0.008123 0.012398
88 0.575246 0.375416 0.008123 0.012398
88 0.619496 0.376021 0.008123 0.012398
88 0.619709 0.448292 0.008123 0.012398
88 0.700086 0.195192 0.008123 0.012398
88 0.699872 0.375113 0.008123 0.012398
88 0.736212 0.374811 0.008123 0.012398
88 0.795639 0.444965 0.008123 0.012398
88 0.831979 0.192168 0.008123 0.012398
88 0.734929 0.445268 0.008123 0.012398
88 0.876229 0.194890 0.008123 0.012398
88 0.876015 0.275930 0.008123 0.012398
88 0.876443 0.631237 0.008123 0.012398
88 0.794357 0.633353 0.008123 0.012398
88 0.734929 0.633353 0.008123 0.012398
88 0.697734 0.634563 0.008123 0.012398
88 0.618213 0.635168 0.008123 0.012398
88 0.575673 0.633656 0.008123 0.012398
88 0.505985 0.635168 0.008123 0.012398
88 0.429457 0.527820 0.008123 0.012398
88 0.430953 0.634865 0.008123 0.012398
88 0.363403 0.635168 0.008123 0.012398
88 0.293074 0.633353 0.008123 0.012398
88 0.231295 0.633958 0.008123 0.012398
88 0.167807 0.633353 0.008123 0.012398
120 0.231830 0.493347 0.010902 0.036589
120 0.431702 0.492743 0.010902 0.036589
120 0.470821 0.492138 0.010902 0.036589
120 0.575566 0.467040 0.010902 0.036589
120 0.575566 0.413819 0.010902 0.036589
120 0.619175 0.412307 0.010902 0.036589
120 0.575566 0.282280 0.010902 0.036589
120 0.576208 0.228757 0.010902 0.036589
120 0.795746 0.413517 0.010902 0.036589
120 0.736960 0.415029 0.010902 0.036589
120 0.701047 0.229664 0.010902 0.036589
120 0.832728 0.229967 0.010902 0.036589
120 0.168982 0.257182 0.008337 0.031146
120 0.294677 0.258391 0.008337 0.031146
122 0.231616 0.257182 0.006627 0.026913
120 0.432557 0.374811 0.010902 0.036589
122 0.505130 0.493045 0.009406 0.031751
122 0.575887 0.519050 0.009406 0.031751
120 0.662356 0.412307 0.010902 0.036589
122 0.574605 0.337920 0.009406 0.031751
122 0.699872 0.338827 0.009406 0.031751
122 0.735571 0.490324 0.009406 0.031751
122 0.875588 0.339734 0.009406 0.031751
99 0.797991 0.491080 0.011543 0.033868
99 0.878153 0.228304 0.012398 0.032658
105 0.875374 0.492138 0.011116 0.029936
123 0.467294 0.194285 0.023514 0.011188
57 0.362762 0.258391 0.014964 0.031146
55 0.109555 0.416389 0.052373 0.483822
