13 0.862413 0.193673 0.061083 0.035058
10 0.526459 0.194528 0.031448 0.022232
110 0.319020 0.195596 0.073783 0.045746
52 0.432567 0.337110 0.037799 0.021377
76 0.389930 0.240701 0.016631 0.021377
76 0.413517 0.240274 0.016631 0.021377
76 0.771243 0.372809 0.016631 0.021377
76 0.433777 0.382428 0.016631 0.021377
76 0.173722 0.377726 0.016631 0.021377
44 0.613093 0.181274 0.021470 0.012398
44 0.614908 0.193459 0.021470 0.012398
44 0.614605 0.207354 0.021470 0.012398
135 0.703508 0.178174 0.031751 0.012185
135 0.702903 0.188435 0.031751 0.012185
135 0.701693 0.203185 0.031751 0.012185
81 0.723768 0.410752 0.032356 0.019453
81 0.727699 0.445169 0.032356 0.019453
81 0.424100 0.499893 0.032356 0.019453
148 0.725582 0.664386 0.028727 0.019667
121 0.725280 0.691321 0.028122 0.020094
34 0.172966 0.435122 0.013910 0.026721
33 0.311158 0.542112 0.035682 0.010261
31 0.428939 0.540616 0.036589 0.009833
5 0.562292 0.538050 0.034170 0.014964
5 0.561990 0.600257 0.034170 0.014964
117 0.563048 0.566054 0.034472 0.011971
117 0.425461 0.663531 0.034472 0.011971
117 0.560931 0.445703 0.034472 0.011971
83 0.389174 0.180312 0.011491 0.007909
83 0.413668 0.207033 0.011491 0.007909
83 0.430904 0.409042 0.011491 0.007909
83 0.619292 0.446451 0.011491 0.007909
83 0.618688 0.446024 0.011491 0.007909
83 0.175990 0.540936 0.011491 0.007909
83 0.463865 0.540936 0.011491 0.007909
83 0.507409 0.540509 0.011491 0.007909
83 0.617176 0.540936 0.011491 0.007909
83 0.772301 0.411394 0.011491 0.007909
83 0.770789 0.446451 0.011491 0.007909
83 0.772604 0.518277 0.011491 0.007909
83 0.773208 0.540936 0.011491 0.007909
83 0.618385 0.568085 0.011491 0.007909
83 0.619595 0.664066 0.011491 0.007909
83 0.771394 0.664493 0.011491 0.007909
