82 0.367705 0.264002 0.041730 0.014964
82 0.369519 0.532493 0.041730 0.014964
121 0.534019 0.263574 0.039311 0.012398
121 0.535228 0.532493 0.039311 0.012398
122 0.422437 0.396109 0.014515 0.027790
44 0.423647 0.320436 0.038706 0.027790
55 0.255216 0.398033 0.082855 0.294998
88 0.434230 0.265071 0.011491 0.012826
88 0.422740 0.533775 0.013910 0.008978
88 0.592380 0.716118 0.008467 0.010261
88 0.640157 0.716546 0.008467 0.010261
88 0.725431 0.715690 0.008467 0.010261
88 0.789537 0.714835 0.008467 0.010261
