88 0.157546 0.229060 0.005558 0.008769
88 0.200086 0.227548 0.005558 0.008769
88 0.245832 0.228455 0.005558 0.008769
88 0.292860 0.228152 0.005558 0.008769
88 0.338820 0.227548 0.005558 0.008769
88 0.383925 0.227548 0.005558 0.008769
88 0.430740 0.229060 0.005558 0.008769
88 0.476913 0.228455 0.005558 0.008769
88 0.525866 0.227850 0.005558 0.008769
88 0.572253 0.228152 0.005558 0.008769
88 0.624840 0.229060 0.005558 0.008769
88 0.781958 0.229967 0.005558 0.008769
88 0.845661 0.229060 0.005558 0.008769
88 0.907012 0.227850 0.005558 0.008769
88 0.181488 0.404748 0.005558 0.008769
88 0.200086 0.553220 0.005558 0.008769
88 0.227448 0.407469 0.005558 0.008769
88 0.246687 0.551708 0.005558 0.008769
88 0.273835 0.404445 0.005558 0.008769
88 0.293074 0.551708 0.005558 0.008769
88 0.320009 0.405352 0.005558 0.008769
88 0.338820 0.552011 0.005558 0.008769
88 0.365968 0.405655 0.005558 0.008769
88 0.385421 0.553523 0.005558 0.008769
88 0.411714 0.405655 0.005558 0.008769
88 0.431167 0.552616 0.005558 0.008769
88 0.459384 0.405957 0.005558 0.008769
88 0.476913 0.550801 0.005558 0.008769
88 0.507909 0.404445 0.005558 0.008769
88 0.526935 0.551104 0.005558 0.008769
88 0.553228 0.405050 0.005558 0.008769
88 0.573108 0.552011 0.005558 0.008769
88 0.625909 0.552616 0.005558 0.008769
88 0.781531 0.734351 0.005558 0.008769
88 0.845447 0.734956 0.005558 0.008769
88 0.907012 0.735561 0.005558 0.008769
88 0.626336 0.733444 0.005558 0.008769
88 0.572253 0.735863 0.005558 0.008769
88 0.526935 0.735259 0.005558 0.008769
88 0.477982 0.734049 0.005558 0.008769
88 0.431167 0.734049 0.005558 0.008769
88 0.384139 0.735561 0.005558 0.008769
88 0.338606 0.734956 0.005558 0.008769
88 0.292005 0.734351 0.005558 0.008769
88 0.245832 0.736166 0.005558 0.008769
88 0.199872 0.735863 0.005558 0.008769
34 0.161821 0.300726 0.017101 0.036589
120 0.200834 0.302389 0.012612 0.035077
120 0.247435 0.302389 0.012612 0.035077
120 0.339996 0.300877 0.012612 0.035077
120 0.387024 0.302086 0.012612 0.035077
120 0.431702 0.302086 0.012612 0.035077
120 0.527255 0.300272 0.012612 0.035077
120 0.574711 0.302086 0.012612 0.035077
120 0.783989 0.301482 0.012612 0.035077
120 0.845767 0.301482 0.012612 0.035077
120 0.907332 0.301482 0.012612 0.035077
122 0.291150 0.301179 0.008123 0.037496
122 0.477127 0.302691 0.008123 0.037496
122 0.625267 0.302994 0.008123 0.037496
66 0.606563 0.482915 0.009619 0.013910
66 0.554190 0.481403 0.009619 0.013910
66 0.508230 0.483822 0.009619 0.013910
66 0.458636 0.481403 0.009619 0.013910
66 0.412035 0.480798 0.009619 0.013910
66 0.366503 0.481705 0.009619 0.013910
66 0.319902 0.482008 0.009619 0.013910
66 0.273942 0.482008 0.009619 0.013910
66 0.227341 0.482310 0.009619 0.013910
66 0.181167 0.482613 0.009619 0.013910
55 0.124412 0.480345 0.041043 0.547626
86 0.197841 0.657091 0.025438 0.050197
86 0.244870 0.655579 0.025438 0.050197
86 0.290402 0.655881 0.025438 0.050197
86 0.341065 0.657393 0.025438 0.050197
86 0.384459 0.656789 0.025438 0.050197
86 0.431488 0.655277 0.025438 0.050197
86 0.475524 0.657393 0.025438 0.050197
86 0.525973 0.656184 0.025438 0.050197
86 0.572788 0.656184 0.025438 0.050197
86 0.623878 0.655277 0.025438 0.050197
28 0.385314 0.369066 0.007482 0.035984
