88 0.264893 0.118747 0.011491 0.007909
88 0.286665 0.133711 0.011491 0.007909
88 0.308739 0.148888 0.011491 0.007909
88 0.265195 0.197627 0.011491 0.007909
88 0.286362 0.210026 0.011491 0.007909
88 0.309949 0.222424 0.011491 0.007909
88 0.351678 0.199551 0.011491 0.007909
88 0.370426 0.209812 0.011491 0.007909
88 0.388267 0.221355 0.011491 0.007909
88 0.459329 0.198268 0.011491 0.007909
88 0.476262 0.210026 0.011491 0.007909
88 0.493499 0.221355 0.011491 0.007909
88 0.564258 0.196986 0.011491 0.007909
88 0.580889 0.211522 0.011491 0.007909
88 0.600847 0.223920 0.011491 0.007909
88 0.670699 0.198268 0.011491 0.007909
88 0.687632 0.209812 0.011491 0.007909
88 0.708195 0.223065 0.011491 0.007909
88 0.264590 0.324818 0.011491 0.007909
88 0.286967 0.336789 0.011491 0.007909
88 0.307529 0.348974 0.011491 0.007909
88 0.351376 0.324177 0.011491 0.007909
88 0.369519 0.335507 0.011491 0.007909
88 0.458119 0.323108 0.011491 0.007909
88 0.387965 0.347905 0.011491 0.007909
88 0.475960 0.337003 0.011491 0.007909
88 0.494103 0.349401 0.011491 0.007909
88 0.565165 0.322681 0.011491 0.007909
88 0.581796 0.336789 0.011491 0.007909
88 0.599335 0.348546 0.011491 0.007909
88 0.670699 0.324605 0.011491 0.007909
88 0.690656 0.337217 0.011491 0.007909
88 0.708800 0.348333 0.011491 0.007909
88 0.263683 0.449444 0.011491 0.007909
88 0.286665 0.463339 0.011491 0.007909
88 0.307227 0.473600 0.011491 0.007909
88 0.352888 0.450727 0.011491 0.007909
88 0.368007 0.462484 0.011491 0.007909
88 0.387058 0.474882 0.011491 0.007909
88 0.458119 0.451154 0.011491 0.007909
88 0.477170 0.461415 0.011491 0.007909
88 0.494103 0.475737 0.011491 0.007909
88 0.563955 0.452437 0.011491 0.007909
88 0.584518 0.463339 0.011491 0.007909
88 0.706380 0.473600 0.011491 0.007909
88 0.599637 0.475096 0.011491 0.007909
88 0.669187 0.450513 0.011491 0.007909
88 0.687632 0.461415 0.011491 0.007909
88 0.264893 0.575780 0.011491 0.007909
88 0.287572 0.587751 0.011491 0.007909
88 0.309949 0.601218 0.011491 0.007909
88 0.706985 0.599508 0.011491 0.007909
88 0.350771 0.576635 0.011491 0.007909
88 0.368310 0.587324 0.011491 0.007909
88 0.387058 0.600363 0.011491 0.007909
88 0.458422 0.576635 0.011491 0.007909
88 0.474146 0.587965 0.011491 0.007909
88 0.493801 0.601218 0.011491 0.007909
88 0.563350 0.578345 0.011491 0.007909
88 0.579982 0.587324 0.011491 0.007909
88 0.600544 0.599722 0.011491 0.007909
88 0.669791 0.575780 0.011491 0.007909
88 0.686725 0.587965 0.011491 0.007909
88 0.263985 0.697841 0.011491 0.007909
88 0.288479 0.711950 0.011491 0.007909
88 0.308437 0.723920 0.011491 0.007909
88 0.352888 0.700406 0.011491 0.007909
88 0.370729 0.712163 0.011491 0.007909
88 0.387360 0.724562 0.011491 0.007909
88 0.459329 0.698482 0.011491 0.007909
88 0.708195 0.725417 0.011491 0.007909
88 0.474146 0.711094 0.011491 0.007909
88 0.494406 0.722852 0.011491 0.007909
88 0.673420 0.698910 0.011491 0.007909
88 0.689447 0.711094 0.011491 0.007909
113 0.372845 0.251924 0.057454 0.039119
113 0.478682 0.253420 0.057454 0.039119
113 0.586634 0.252138 0.057454 0.039119
113 0.692168 0.253420 0.057454 0.039119
113 0.693075 0.378260 0.057454 0.039119
113 0.585727 0.380611 0.057454 0.039119
113 0.479286 0.378901 0.057454 0.039119
113 0.371636 0.379115 0.057454 0.039119
113 0.371334 0.505024 0.057454 0.039119
113 0.477472 0.504596 0.057454 0.039119
113 0.584820 0.504596 0.057454 0.039119
113 0.690354 0.505451 0.057454 0.039119
113 0.692773 0.631146 0.057454 0.039119
113 0.584820 0.630291 0.057454 0.039119
113 0.477472 0.630077 0.057454 0.039119
113 0.371334 0.629649 0.057454 0.039119
113 0.371938 0.753206 0.057454 0.039119
113 0.476867 0.752779 0.057454 0.039119
113 0.689749 0.753206 0.057454 0.039119
