122 0.145896 0.212428 0.007054 0.026308
122 0.755879 0.212277 0.007268 0.024796
122 0.756199 0.330360 0.007054 0.024493
122 0.756734 0.395978 0.006841 0.025703
122 0.757054 0.457666 0.007482 0.023889
122 0.720393 0.459178 0.005985 0.024493
122 0.756413 0.519504 0.005344 0.022982
122 0.757161 0.579528 0.008551 0.023284
122 0.906905 0.630481 0.006199 0.025401
122 0.463018 0.490172 0.006841 0.024796
82 0.338286 0.176293 0.015605 0.011491
82 0.338606 0.677502 0.014964 0.012398
120 0.243373 0.577109 0.006199 0.024493
120 0.428816 0.211823 0.009406 0.025703
120 0.463339 0.213184 0.007482 0.024796
120 0.567336 0.213184 0.007268 0.026610
120 0.697093 0.211975 0.008978 0.023586
120 0.791257 0.211672 0.007482 0.025401
120 0.830697 0.212731 0.007696 0.023889
120 0.868106 0.212731 0.008978 0.022074
120 0.516888 0.489719 0.008123 0.025098
99 0.674861 0.499395 0.007268 0.022679
122 0.831445 0.518899 0.008764 0.032658
147 0.146751 0.409737 0.018170 0.026005
55 0.095340 0.426671 0.039333 0.543695
55 0.596302 0.485032 0.038264 0.056849
121 0.728303 0.174630 0.017529 0.010584
15 0.829949 0.463260 0.017743 0.027820
50 0.869709 0.414122 0.025438 0.051708
57 0.404981 0.488963 0.009619 0.027215
57 0.756520 0.268521 0.011543 0.021772
57 0.167272 0.575446 0.009619 0.022377
120 0.188649 0.577109 0.006199 0.024493
146 0.295532 0.442697 0.025011 0.028425
88 0.146644 0.175083 0.008123 0.011491
88 0.359769 0.175688 0.005985 0.010281
88 0.404126 0.174630 0.006199 0.009374
88 0.426571 0.176444 0.006199 0.008769
88 0.463980 0.175990 0.008764 0.012096
88 0.514857 0.176142 0.007482 0.009374
88 0.566268 0.175386 0.005558 0.010886
88 0.626015 0.174630 0.007054 0.009374
88 0.645896 0.175990 0.007909 0.012096
88 0.696024 0.175234 0.005558 0.008164
88 0.755558 0.175386 0.007909 0.010886
88 0.789333 0.173874 0.006199 0.010886
88 0.829842 0.174932 0.006413 0.009979
88 0.868106 0.174630 0.007696 0.009374
88 0.756947 0.300877 0.005130 0.007257
88 0.756520 0.429090 0.005558 0.010281
88 0.757161 0.488812 0.004703 0.008769
88 0.646430 0.469156 0.005985 0.009374
88 0.463446 0.268521 0.007696 0.011491
88 0.187260 0.517690 0.008123 0.011491
88 0.241236 0.517992 0.006199 0.010886
88 0.188542 0.626096 0.006841 0.009374
88 0.242198 0.625794 0.005985 0.009979
88 0.146109 0.676746 0.007054 0.013305
88 0.360517 0.675688 0.008764 0.011188
88 0.405408 0.676595 0.008764 0.011188
88 0.463553 0.677502 0.008764 0.011188
88 0.514643 0.676897 0.008764 0.011188
88 0.567016 0.678409 0.008764 0.011188
88 0.624733 0.677805 0.008764 0.011188
88 0.646109 0.678409 0.008764 0.011188
88 0.674113 0.678409 0.008764 0.011188
88 0.696131 0.678107 0.008764 0.011188
88 0.755772 0.678107 0.008764 0.011188
88 0.830162 0.677502 0.008764 0.011188
88 0.868640 0.677502 0.008764 0.011188
157 0.867037 0.482461 0.019667 0.028727
155 0.166204 0.763532 0.062634 0.075597
