6 0.173321 0.784523 0.033878 0.085079
19 0.204930 0.784737 0.011192 0.006413
4 0.222021 0.784844 0.025408 0.079307
5 0.265578 0.784310 0.021779 0.052587
6 0.251210 0.785058 0.011192 0.005772
0 0.314126 0.784844 0.034785 0.069474
19 0.293708 0.784310 0.009074 0.006413
0 0.369480 0.785165 0.036600 0.076528
19 0.348306 0.784630 0.010587 0.005772
20 0.424682 0.784310 0.007864 0.005558
19 0.466425 0.780782 0.006050 0.007909
19 0.486237 0.784523 0.009982 0.004703
20 0.540835 0.784630 0.006655 0.005772
19 0.553690 0.784844 0.009982 0.004489
19 0.597247 0.784844 0.010587 0.004489
19 0.651240 0.784844 0.011494 0.006199
20 0.728675 0.784523 0.007864 0.004703
19 0.764217 0.784310 0.010587 0.005558
19 0.541894 0.744976 0.006352 0.008123
25 0.541894 0.727341 0.021476 0.028431
3 0.512402 0.785913 0.042347 0.100257
5 0.567907 0.784844 0.025106 0.054510
0 0.618724 0.784523 0.035390 0.070115
0 0.673775 0.784844 0.034180 0.074605
6 0.781609 0.784203 0.027223 0.082300
25 0.649274 0.645361 0.022686 0.029927
19 0.664852 0.645254 0.011494 0.004062
20 0.728070 0.645361 0.006050 0.004703
20 0.728373 0.491342 0.008469 0.006199
19 0.664549 0.491129 0.010889 0.004917
22 0.648367 0.504810 0.024501 0.030996
30 0.648215 0.483433 0.024198 0.014322
31 0.647762 0.470180 0.025106 0.014322
22 0.647762 0.337110 0.023291 0.031210
30 0.648215 0.316588 0.023593 0.013681
31 0.648367 0.302907 0.025106 0.013681
22 0.647913 0.208957 0.023593 0.029714
30 0.648518 0.187580 0.024198 0.013467
31 0.648820 0.174434 0.024803 0.013254
24 0.344223 0.174434 0.024198 0.013681
29 0.344071 0.187794 0.025106 0.013895
22 0.344223 0.209812 0.024803 0.030141
24 0.344071 0.303121 0.023896 0.013254
29 0.344071 0.315840 0.023896 0.013467
22 0.344525 0.337324 0.024803 0.029500
20 0.727768 0.324711 0.009679 0.008978
19 0.664852 0.324284 0.010889 0.006413
19 0.664247 0.195596 0.010889 0.005558
19 0.361464 0.195169 0.009074 0.004703
19 0.361464 0.324498 0.009074 0.006841
20 0.424380 0.323856 0.009074 0.005558
20 0.424985 0.491877 0.007864 0.007268
20 0.425287 0.645147 0.009679 0.006841
19 0.360557 0.490594 0.010889 0.006413
24 0.344828 0.469859 0.026618 0.015391
29 0.343618 0.483112 0.027828 0.014536
22 0.343315 0.504489 0.026013 0.028217
25 0.345433 0.646003 0.019359 0.029072
19 0.360557 0.645575 0.010889 0.005985
