6 0.155324 0.784951 0.029946 0.084224
4 0.202359 0.785378 0.024198 0.077383
19 0.186782 0.784523 0.011192 0.006413
19 0.232910 0.780462 0.010284 0.008123
19 0.247883 0.784630 0.011797 0.005344
19 0.202662 0.743480 0.007864 0.008551
19 0.290835 0.784844 0.010587 0.004917
19 0.344979 0.784310 0.009982 0.005985
19 0.387175 0.785378 0.009679 0.005130
19 0.455838 0.784951 0.010284 0.005985
19 0.498790 0.784310 0.010889 0.005558
19 0.627798 0.784951 0.011192 0.005558
19 0.744253 0.784523 0.009982 0.006413
19 0.791289 0.744442 0.006050 0.008337
19 0.804598 0.784310 0.011494 0.005985
20 0.790532 0.784844 0.007562 0.007054
20 0.592710 0.784737 0.008167 0.005130
20 0.443134 0.784737 0.004840 0.003848
20 0.375227 0.785058 0.006352 0.005772
20 0.332275 0.784523 0.007562 0.004275
19 0.332275 0.745511 0.007562 0.007909
19 0.375076 0.745832 0.006655 0.008551
19 0.443436 0.746259 0.007864 0.008978
19 0.529492 0.673151 0.012402 0.004703
20 0.592559 0.672830 0.007260 0.006199
25 0.514822 0.673792 0.021174 0.028217
25 0.443285 0.727448 0.020871 0.029927
25 0.375832 0.726699 0.022081 0.030141
25 0.332728 0.727341 0.022384 0.030996
0 0.310194 0.784951 0.033575 0.070115
0 0.520871 0.784951 0.035088 0.075673
5 0.469601 0.784844 0.020266 0.051945
5 0.358439 0.785165 0.021174 0.051304
5 0.262250 0.786127 0.021779 0.052373
0 0.647913 0.785271 0.035693 0.070329
0 0.341500 0.625695 0.021174 0.052159
25 0.790684 0.726806 0.022989 0.030782
6 0.822142 0.784310 0.030248 0.085079
0 0.764368 0.786020 0.032063 0.070543
0 0.202057 0.482899 0.037508 0.070543
22 0.513612 0.485891 0.024198 0.031210
22 0.513914 0.343737 0.019964 0.032493
22 0.514217 0.188115 0.025408 0.032493
27 0.512704 0.287302 0.028433 0.016246
20 0.592559 0.286875 0.007864 0.005985
20 0.592861 0.342882 0.008469 0.006841
19 0.529643 0.342882 0.012704 0.005130
19 0.529643 0.287730 0.009074 0.007696
19 0.528736 0.187687 0.010889 0.005985
19 0.529643 0.486319 0.010284 0.004703
20 0.592257 0.486105 0.009679 0.006841
