31 0.688445 0.231082 0.022384 0.012826
30 0.688596 0.243908 0.022686 0.013681
22 0.689050 0.265071 0.024803 0.029927
19 0.689050 0.282920 0.006050 0.008337
19 0.725650 0.317443 0.005445 0.007696
19 0.813521 0.321932 0.011192 0.005130
19 0.668784 0.325673 0.006050 0.007054
19 0.626739 0.321932 0.009679 0.005558
19 0.544767 0.321612 0.011494 0.005772
19 0.520417 0.318512 0.007562 0.007696
19 0.467937 0.282920 0.006050 0.007054
20 0.467786 0.321826 0.008167 0.005772
20 0.571839 0.251924 0.008167 0.004917
20 0.688596 0.321932 0.007562 0.005558
6 0.831821 0.322146 0.028433 0.085079
3 0.571234 0.322253 0.043860 0.098119
5 0.641561 0.321826 0.021174 0.052373
24 0.467332 0.230868 0.024803 0.014109
32 0.467483 0.244656 0.025711 0.013467
19 0.448427 0.350791 0.010587 0.006841
20 0.453872 0.386917 0.006352 0.004703
0 0.403206 0.350684 0.035693 0.069902
22 0.467030 0.265071 0.026013 0.029072
20 0.792952 0.383177 0.006957 0.004489
31 0.762099 0.458209 0.023896 0.014750
30 0.762099 0.471783 0.024501 0.012398
22 0.762250 0.492732 0.026618 0.029927
5 0.250302 0.435336 0.022081 0.051945
24 0.406836 0.487388 0.025408 0.014964
32 0.405626 0.500107 0.024198 0.012612
22 0.405929 0.520415 0.024803 0.030569
22 0.352843 0.525866 0.022081 0.029072
22 0.286146 0.525224 0.021174 0.029500
22 0.244555 0.525652 0.022686 0.029927
6 0.146249 0.582941 0.028131 0.080804
5 0.184059 0.582300 0.019661 0.054724
0 0.223533 0.584117 0.035088 0.072467
5 0.268149 0.582300 0.022686 0.050876
3 0.323049 0.584331 0.045372 0.101967
5 0.376437 0.582728 0.023291 0.053869
0 0.419843 0.584010 0.035088 0.079521
3 0.507864 0.583369 0.043557 0.100898
5 0.559135 0.583583 0.020871 0.052159
0 0.596794 0.583583 0.032668 0.071826
3 0.657441 0.582728 0.042650 0.101325
5 0.714156 0.583048 0.021174 0.053228
6 0.830762 0.582086 0.028736 0.082514
0 0.763158 0.583690 0.032063 0.074605
22 0.620085 0.525118 0.022384 0.031424
20 0.322444 0.476913 0.007260 0.005558
20 0.162129 0.476699 0.007260 0.006841
20 0.161525 0.583369 0.007260 0.004703
20 0.244707 0.582300 0.010284 0.005130
20 0.284634 0.583796 0.009074 0.006413
20 0.352390 0.582514 0.009074 0.005558
20 0.442831 0.582728 0.008469 0.004275
20 0.443739 0.505985 0.009074 0.005558
20 0.507864 0.492304 0.007864 0.004703
20 0.618875 0.583369 0.008469 0.007268
20 0.686933 0.582941 0.006655 0.006413
20 0.793406 0.583155 0.010284 0.005985
20 0.792498 0.478196 0.006050 0.005558
19 0.169994 0.583369 0.010889 0.003848
19 0.202964 0.582728 0.012704 0.005130
19 0.245614 0.544463 0.007260 0.008978
19 0.285844 0.543181 0.007864 0.007268
19 0.297641 0.583369 0.012099 0.005558
19 0.254386 0.583155 0.011494 0.005985
19 0.362069 0.582514 0.010284 0.005558
19 0.352390 0.542967 0.007864 0.008551
19 0.397459 0.582941 0.009679 0.008123
19 0.423775 0.506199 0.009074 0.007696
19 0.461585 0.579094 0.006050 0.008123
19 0.481246 0.582728 0.010284 0.005985
19 0.469449 0.587003 0.007260 0.008551
19 0.544162 0.583155 0.011494 0.007696
19 0.576830 0.583796 0.011494 0.007268
19 0.631579 0.582514 0.012099 0.005558
19 0.699032 0.583583 0.010284 0.006841
19 0.742287 0.582300 0.009679 0.005985
19 0.730490 0.579307 0.007864 0.007696
19 0.814277 0.583155 0.009679 0.005985
19 0.619177 0.544036 0.009074 0.007268
5 0.251664 0.695169 0.026618 0.051304
5 0.185118 0.828559 0.022989 0.055579
5 0.267998 0.828987 0.021779 0.055579
5 0.377193 0.829414 0.022384 0.053014
5 0.581065 0.828345 0.018754 0.053442
25 0.244707 0.770842 0.022384 0.029927
25 0.285239 0.771056 0.022384 0.031210
25 0.353297 0.771270 0.022989 0.030782
25 0.408046 0.752031 0.022384 0.030782
25 0.687840 0.770628 0.024198 0.032065
25 0.762553 0.712912 0.023593 0.030355
6 0.832728 0.826849 0.034483 0.088072
6 0.145796 0.828773 0.027828 0.079949
0 0.223230 0.827490 0.037508 0.068833
0 0.419238 0.829414 0.035088 0.075246
0 0.640956 0.827704 0.033273 0.070115
0 0.764670 0.829414 0.036298 0.076956
3 0.508469 0.828559 0.045372 0.100043
3 0.323956 0.829201 0.042952 0.098760
19 0.161222 0.823856 0.006655 0.010261
19 0.170599 0.828132 0.012099 0.005130
19 0.204174 0.828345 0.015124 0.005558
19 0.296128 0.828987 0.012704 0.005985
19 0.253781 0.827704 0.013914 0.005985
19 0.285541 0.789654 0.009679 0.008551
19 0.245312 0.789654 0.007864 0.006841
19 0.352843 0.788906 0.005747 0.007482
19 0.363581 0.827597 0.010889 0.004917
19 0.398215 0.828345 0.011797 0.005558
19 0.423926 0.751817 0.011192 0.005130
19 0.467332 0.824605 0.006655 0.007909
19 0.480792 0.828452 0.011797 0.005772
19 0.566243 0.827811 0.010889 0.007482
19 0.620085 0.828559 0.010284 0.006841
19 0.688143 0.789547 0.006655 0.009192
19 0.719752 0.824070 0.008167 0.007268
19 0.742438 0.828666 0.011192 0.007054
19 0.813672 0.827704 0.010284 0.007268
19 0.778282 0.712698 0.010284 0.005985
20 0.657290 0.643437 0.007864 0.007696
20 0.806261 0.713125 0.006957 0.005558
20 0.804900 0.827597 0.004840 0.004917
20 0.687235 0.828025 0.007260 0.004917
20 0.453569 0.828132 0.008167 0.006841
20 0.453872 0.751924 0.008167 0.006199
20 0.352843 0.827811 0.006352 0.005772
20 0.283878 0.828132 0.009377 0.005130
20 0.245312 0.828239 0.007260 0.006199
