13 0.461201 0.207892 0.019025 0.026913
132 0.436404 0.181433 0.006627 0.010281
132 0.435549 0.195041 0.006627 0.010281
132 0.435122 0.220139 0.006627 0.010281
132 0.435763 0.246749 0.006627 0.010281
132 0.435336 0.234049 0.006627 0.010281
83 0.413959 0.168279 0.007482 0.009979
83 0.398568 0.222105 0.007482 0.009979
83 0.389590 0.233595 0.007482 0.009979
83 0.380825 0.246598 0.007482 0.009979
83 0.422510 0.233898 0.007482 0.009979
117 0.348440 0.167372 0.020094 0.011793
117 0.349081 0.192471 0.020094 0.011793
117 0.348440 0.181282 0.020094 0.011793
117 0.348653 0.219081 0.020094 0.011793
117 0.349295 0.232991 0.020094 0.011793
117 0.347584 0.246901 0.020094 0.011793
83 0.305793 0.169187 0.007482 0.009979
83 0.314771 0.180677 0.007482 0.009979
83 0.323963 0.195494 0.007482 0.009979
135 0.278110 0.164651 0.012826 0.009374
135 0.277683 0.176746 0.012826 0.009374
135 0.278324 0.190959 0.012826 0.009374
78 0.262933 0.232839 0.011543 0.011491
10 0.245190 0.222105 0.019239 0.026913
58 0.244549 0.181887 0.019239 0.011793
76 0.214942 0.251739 0.009619 0.022679
76 0.214515 0.251134 0.009619 0.022679
76 0.203826 0.251436 0.009619 0.022679
76 0.191428 0.251436 0.009619 0.022679
76 0.182236 0.250832 0.009619 0.022679
110 0.157653 0.182038 0.036127 0.046568
141 0.264109 0.367100 0.016032 0.034472
83 0.205323 0.168582 0.007482 0.009979
83 0.182450 0.167977 0.007482 0.009979
83 0.191428 0.193982 0.007482 0.009979
83 0.215370 0.194890 0.007482 0.009979
83 0.414386 0.350015 0.007482 0.009979
83 0.389376 0.334593 0.007482 0.009979
83 0.423792 0.379044 0.007482 0.009979
116 0.425289 0.301482 0.007909 0.026610
116 0.416310 0.300877 0.007909 0.026610
116 0.399850 0.302691 0.007909 0.026610
116 0.389803 0.301179 0.007909 0.026610
116 0.380825 0.300575 0.007909 0.026610
116 0.424220 0.417297 0.007909 0.026610
83 0.366075 0.456154 0.007482 0.009979
83 0.290402 0.458573 0.007482 0.009979
83 0.200192 0.490928 0.007482 0.009979
83 0.199765 0.459178 0.007482 0.009979
83 0.108487 0.457061 0.007482 0.009979
83 0.108700 0.654823 0.007482 0.009979
83 0.236319 0.590112 0.007482 0.009979
83 0.235891 0.555942 0.007482 0.009979
83 0.271590 0.555942 0.007482 0.009979
83 0.200620 0.557151 0.007482 0.009979
83 0.365648 0.521772 0.007482 0.009979
83 0.365861 0.554732 0.007482 0.009979
83 0.365434 0.589507 0.007482 0.009979
83 0.366075 0.655428 0.007482 0.009979
83 0.366289 0.766707 0.007482 0.009979
83 0.365861 0.818415 0.007482 0.009979
83 0.366930 0.876777 0.007482 0.009979
83 0.365861 0.909435 0.007482 0.009979
83 0.236960 0.818415 0.007482 0.009979
83 0.236533 0.766253 0.009192 0.012096
141 0.238991 0.696099 0.026935 0.021167
117 0.142048 0.455851 0.019453 0.013003
117 0.271590 0.767312 0.019453 0.013003
117 0.271377 0.817508 0.019453 0.013003
76 0.237388 0.736922 0.007482 0.022377
76 0.107418 0.736922 0.007482 0.022377
76 0.366075 0.736317 0.007482 0.022377
10 0.410432 0.900968 0.011116 0.019655
148 0.326315 0.522528 0.017315 0.026005
148 0.326101 0.555186 0.017315 0.026005
148 0.326635 0.653765 0.019239 0.026610
81 0.325353 0.818264 0.019239 0.026610
132 0.345981 0.819323 0.007909 0.011793
132 0.306648 0.819020 0.007909 0.011793
117 0.217294 0.555640 0.019453 0.013003
117 0.217294 0.587995 0.019453 0.013003
117 0.253206 0.618234 0.019453 0.013003
117 0.143972 0.653160 0.020735 0.012700
132 0.823536 0.724675 0.010047 0.014212
132 0.824177 0.741609 0.010047 0.014212
132 0.823108 0.452827 0.010047 0.014212
132 0.822681 0.418355 0.010047 0.014212
132 0.823749 0.382371 0.010047 0.014212
132 0.821826 0.350620 0.010047 0.014212
132 0.823536 0.316752 0.010047 0.014212
132 0.823749 0.280768 0.010047 0.014212
132 0.822253 0.247203 0.010047 0.014212
132 0.823322 0.214847 0.010047 0.014212
117 0.782920 0.212882 0.019453 0.013910
117 0.719004 0.400363 0.019453 0.013910
117 0.718149 0.433626 0.019453 0.013910
117 0.717721 0.485939 0.019453 0.013910
83 0.697200 0.436650 0.008337 0.007257
83 0.769239 0.434533 0.008337 0.007257
83 0.781210 0.452979 0.008337 0.007257
83 0.795960 0.417599 0.008337 0.007257
83 0.768811 0.400968 0.008337 0.007257
83 0.770735 0.384034 0.008337 0.007257
83 0.805900 0.384034 0.008551 0.008467
34 0.108166 0.801331 0.009833 0.031448
27 0.326315 0.457968 0.022018 0.010584
27 0.181381 0.457968 0.022018 0.010584
7 0.717294 0.364530 0.019453 0.013003
5 0.847584 0.313124 0.019667 0.013607
5 0.848226 0.348503 0.019667 0.013607
5 0.847798 0.415936 0.019667 0.013607
5 0.848867 0.449501 0.019667 0.013607
27 0.291043 0.588298 0.022018 0.010584
83 0.292540 0.819323 0.007482 0.009979
9 0.217187 0.455700 0.018384 0.013305
95 0.254596 0.585878 0.023514 0.014212
150 0.747435 0.486090 0.018170 0.010584
148 0.254062 0.458573 0.019880 0.028122
148 0.253848 0.489265 0.019025 0.026005
148 0.326635 0.590112 0.018384 0.026308
