132 0.080483 0.132598 0.008764 0.014212
132 0.080483 0.148624 0.008764 0.014212
132 0.080483 0.160417 0.008764 0.014212
132 0.712270 0.721500 0.009833 0.011491
132 0.733647 0.720593 0.009833 0.011491
132 0.770201 0.720895 0.009833 0.011491
132 0.785592 0.721802 0.009833 0.011491
132 0.802907 0.720290 0.009833 0.011491
132 0.838606 0.721802 0.009833 0.011491
132 0.855066 0.721197 0.009833 0.011491
132 0.871099 0.720895 0.009833 0.011491
45 0.151026 0.145298 0.046815 0.064409
10 0.272766 0.146054 0.023514 0.024191
44 0.312099 0.132598 0.015391 0.008769
44 0.312313 0.146356 0.016246 0.010281
44 0.311885 0.158754 0.016246 0.010281
135 0.340530 0.130481 0.019239 0.011793
135 0.340103 0.142576 0.019239 0.011793
135 0.340103 0.154974 0.019239 0.011793
76 0.194848 0.198972 0.008764 0.024796
76 0.205964 0.198367 0.010047 0.021167
76 0.108914 0.358633 0.008764 0.029029
141 0.216866 0.323405 0.029286 0.022679
76 0.215156 0.360145 0.009192 0.026005
132 0.416631 0.132598 0.010688 0.010584
132 0.416204 0.145600 0.010688 0.010584
132 0.417059 0.157393 0.010688 0.010584
5 0.153164 0.533565 0.023728 0.013607
117 0.242518 0.417448 0.027148 0.009979
6 0.108059 0.419716 0.006627 0.038101
117 0.152736 0.565618 0.022445 0.010584
121 0.329521 0.568945 0.017743 0.028727
148 0.329414 0.536438 0.018384 0.024191
81 0.329628 0.384941 0.020949 0.026610
81 0.329521 0.419111 0.020735 0.027215
33 0.216973 0.538555 0.023942 0.012700
13 0.444207 0.145298 0.029500 0.031751
129 0.257589 0.538252 0.026507 0.012096
149 0.190680 0.612489 0.030355 0.036589
83 0.194741 0.132900 0.008978 0.011793
83 0.205857 0.158603 0.008978 0.011793
83 0.215904 0.385092 0.008978 0.011793
83 0.353356 0.385092 0.008978 0.011793
83 0.352715 0.417145 0.008978 0.011793
83 0.300128 0.536589 0.008978 0.011793
83 0.352287 0.537496 0.008978 0.011793
83 0.181915 0.536287 0.008978 0.011793
83 0.126977 0.537496 0.008978 0.011793
83 0.128046 0.567735 0.008978 0.011793
