27 0.216973 0.218778 0.023942 0.014212
117 0.142796 0.215754 0.022232 0.016631
117 0.216973 0.253553 0.022232 0.016631
117 0.218469 0.329453 0.022232 0.016631
132 0.306114 0.333233 0.010261 0.009676
132 0.346516 0.332628 0.010261 0.009676
132 0.346088 0.364681 0.010261 0.009676
132 0.345340 0.398549 0.009619 0.011491
83 0.365861 0.217720 0.005344 0.006653
83 0.365006 0.364076 0.005344 0.006653
83 0.365861 0.333837 0.005772 0.008467
83 0.365327 0.283036 0.005558 0.006653
83 0.366503 0.251588 0.005344 0.006653
83 0.365434 0.398549 0.005344 0.006653
83 0.306969 0.597067 0.008551 0.012398
83 0.364793 0.464469 0.005344 0.006653
83 0.364579 0.693680 0.006199 0.006653
83 0.366396 0.593741 0.006841 0.006955
83 0.165669 0.595857 0.008978 0.010584
83 0.108914 0.693378 0.006199 0.006653
83 0.366289 0.824312 0.006199 0.006653
83 0.365434 0.791956 0.006199 0.006653
83 0.366289 0.725431 0.006199 0.006653
83 0.163959 0.563199 0.008978 0.010584
83 0.107738 0.824463 0.008978 0.010584
83 0.179457 0.758996 0.007054 0.006653
83 0.179885 0.725431 0.007054 0.006653
83 0.179671 0.694587 0.007054 0.006653
83 0.254275 0.726640 0.007054 0.006653
27 0.142582 0.463713 0.018384 0.011188
27 0.217401 0.727094 0.020522 0.011793
27 0.142155 0.693529 0.020522 0.011793
117 0.186725 0.641972 0.019453 0.012096
117 0.186084 0.560931 0.019453 0.012096
5 0.185977 0.461899 0.020949 0.010584
83 0.181381 0.218325 0.006627 0.010886
83 0.180098 0.285153 0.006627 0.010886
83 0.180312 0.250680 0.006627 0.010886
83 0.244228 0.284850 0.006627 0.010886
83 0.109555 0.217115 0.006627 0.010886
83 0.245725 0.250378 0.006627 0.010886
83 0.108487 0.463260 0.006627 0.010886
148 0.325246 0.463713 0.018598 0.024493
83 0.837644 0.234956 0.004489 0.011491
83 0.772018 0.298458 0.004489 0.011491
83 0.837003 0.299667 0.006627 0.010886
83 0.772232 0.267614 0.004489 0.011491
83 0.837003 0.268219 0.004489 0.011491
83 0.837003 0.431055 0.006627 0.009374
83 0.837003 0.462957 0.004489 0.011491
83 0.772659 0.463713 0.006627 0.009374
83 0.772873 0.431055 0.006627 0.009374
83 0.533027 0.332779 0.006627 0.009374
83 0.680312 0.301331 0.006627 0.009374
83 0.532172 0.463109 0.006627 0.009374
83 0.533454 0.299516 0.006627 0.009374
83 0.533454 0.431055 0.006627 0.009374
83 0.581979 0.610070 0.006627 0.009374
83 0.533882 0.610372 0.006627 0.009374
83 0.582086 0.676293 0.007268 0.006955
83 0.547884 0.709555 0.007268 0.006955
83 0.735678 0.610977 0.006627 0.009374
83 0.745083 0.708346 0.006627 0.009374
83 0.702544 0.678107 0.006627 0.009374
83 0.702971 0.610372 0.006627 0.009374
117 0.640979 0.329150 0.020308 0.016027
117 0.639696 0.429846 0.020308 0.016027
5 0.641513 0.298911 0.019239 0.014212
26 0.533775 0.218174 0.011116 0.028122
26 0.533348 0.266556 0.011116 0.028122
132 0.857418 0.709555 0.008551 0.012398
132 0.855494 0.808739 0.008551 0.012398
132 0.856563 0.791503 0.008551 0.012398
132 0.854639 0.774569 0.008551 0.012398
132 0.854853 0.758845 0.008551 0.012398
132 0.855280 0.741609 0.008551 0.012398
132 0.660539 0.677502 0.008551 0.012398
132 0.660539 0.612186 0.008551 0.012398
132 0.620351 0.612186 0.008551 0.012398
132 0.620351 0.677502 0.008551 0.012398
132 0.290509 0.512398 0.008551 0.012398
132 0.292219 0.596160 0.008551 0.012398
132 0.253100 0.596160 0.008551 0.012398
132 0.251389 0.513003 0.008551 0.012398
83 0.364793 0.511642 0.005344 0.006653
150 0.567550 0.333384 0.020094 0.010584
95 0.640231 0.460085 0.018811 0.011793
54 0.568405 0.611733 0.016246 0.015724
54 0.567123 0.710009 0.016246 0.015724
54 0.567336 0.677653 0.016246 0.015724
54 0.567764 0.644693 0.016246 0.015724
54 0.568405 0.464772 0.016246 0.015724
54 0.718683 0.430299 0.016246 0.015724
54 0.719324 0.611128 0.016246 0.015724
54 0.718897 0.775627 0.016246 0.015724
54 0.719966 0.742365 0.016246 0.015724
54 0.718897 0.709102 0.016246 0.015724
54 0.718683 0.676746 0.016246 0.015724
54 0.718790 0.643484 0.017315 0.016934
121 0.796815 0.265195 0.018170 0.023586
27 0.142155 0.513607 0.018384 0.011188
83 0.108487 0.513154 0.006627 0.010886
83 0.165348 0.513910 0.006199 0.013607
95 0.187260 0.509676 0.020949 0.013607
95 0.217828 0.690807 0.020949 0.013607
1 0.272125 0.509374 0.020522 0.014817
83 0.306327 0.510886 0.009406 0.015422
95 0.216973 0.281675 0.020949 0.013607
150 0.271377 0.282885 0.023301 0.010584
95 0.216973 0.755216 0.020949 0.013607
1 0.271697 0.593136 0.020522 0.014817
150 0.271377 0.692319 0.023301 0.010584
148 0.326101 0.512398 0.017315 0.025098
148 0.327170 0.825219 0.020308 0.030844
148 0.325887 0.792561 0.017743 0.028425
148 0.326315 0.727396 0.017315 0.025098
148 0.325460 0.692924 0.017315 0.025098
148 0.326315 0.595252 0.017315 0.025098
148 0.325673 0.283792 0.018598 0.024493
148 0.326315 0.331872 0.018598 0.024493
148 0.327383 0.365135 0.018598 0.024493
148 0.326956 0.399909 0.018598 0.024493
148 0.326315 0.218778 0.018598 0.024493
148 0.325887 0.250227 0.018598 0.024493
148 0.798418 0.234049 0.021377 0.026005
148 0.798204 0.299819 0.020949 0.030541
148 0.797349 0.611884 0.020949 0.030541
148 0.798846 0.464318 0.020949 0.030541
148 0.796494 0.431358 0.020949 0.030541
