53 0.176251 0.200937 0.007909 0.026308
53 0.199979 0.201542 0.010902 0.027517
53 0.246580 0.200030 0.010902 0.026913
59 0.187153 0.398246 0.007054 0.018748
59 0.256306 0.397490 0.007696 0.020260
26 0.199444 0.345933 0.009406 0.020562
26 0.243694 0.346386 0.006413 0.021470
116 0.199765 0.288025 0.007482 0.019655
116 0.223065 0.287723 0.008337 0.019655
116 0.370564 0.183852 0.015605 0.009676
116 0.370564 0.207741 0.015605 0.012096
116 0.675289 0.224675 0.014964 0.012700
116 0.724562 0.226338 0.014322 0.013607
116 0.675716 0.322044 0.014109 0.014515
116 0.724882 0.324312 0.014109 0.011188
116 0.766246 0.191715 0.014322 0.010281
27 0.676144 0.193226 0.015391 0.011491
27 0.675716 0.290747 0.015391 0.010584
54 0.724776 0.192471 0.015605 0.009979
54 0.724241 0.291503 0.015819 0.016329
3 0.676251 0.384185 0.015177 0.022074
83 0.636597 0.323103 0.012398 0.016631
83 0.635635 0.225280 0.009619 0.013910
83 0.798525 0.290747 0.009619 0.014212
83 0.799166 0.191563 0.011757 0.014212
83 0.340530 0.183852 0.010261 0.013910
83 0.245511 0.159208 0.010047 0.010584
83 0.245832 0.180375 0.009833 0.009374
83 0.199124 0.181282 0.008764 0.008769
83 0.200406 0.257333 0.010475 0.012700
83 0.199658 0.320381 0.010261 0.011188
83 0.245832 0.319776 0.011116 0.013003
83 0.200299 0.424856 0.009406 0.008467
83 0.244976 0.424100 0.009833 0.008769
77 0.226272 0.642425 0.019453 0.011793
77 0.226272 0.805715 0.017743 0.015422
90 0.276721 0.673269 0.009619 0.024493
26 0.275866 0.721500 0.010475 0.021772
83 0.275866 0.644391 0.010475 0.011491
83 0.275438 0.806471 0.008764 0.011491
117 0.333369 0.643484 0.014750 0.012096
117 0.333369 0.805110 0.014750 0.015422
14 0.436191 0.723919 0.024583 0.179619
14 0.139483 0.729060 0.035699 0.193529
14 0.133818 0.293922 0.025224 0.288479
81 0.675395 0.445116 0.027576 0.035682
148 0.275011 0.771394 0.022018 0.031448
120 0.675609 0.405352 0.023301 0.013607
