76 0.184481 0.181736 0.010688 0.030239
76 0.196558 0.182643 0.008764 0.030239
10 0.272766 0.127608 0.020522 0.026610
135 0.338606 0.111279 0.024369 0.012700
135 0.338713 0.123979 0.024583 0.014515
135 0.338286 0.138343 0.025438 0.012398
85 0.311885 0.114454 0.020949 0.009979
85 0.311458 0.126550 0.021377 0.011188
85 0.311458 0.140762 0.021804 0.012398
132 0.416204 0.114152 0.008551 0.008769
132 0.416204 0.126852 0.008551 0.008769
132 0.416204 0.141064 0.008551 0.008769
13 0.442176 0.125794 0.026721 0.035682
76 0.371954 0.351225 0.008978 0.027517
5 0.234395 0.408376 0.020735 0.009979
76 0.205857 0.351527 0.008978 0.022679
76 0.316161 0.443604 0.009833 0.010886
33 0.252565 0.569852 0.028431 0.014212
5 0.189183 0.598579 0.029927 0.010584
5 0.189397 0.566828 0.023087 0.012398
5 0.187473 0.538857 0.023514 0.013910
132 0.203506 0.540520 0.008123 0.010584
76 0.094699 0.350922 0.008123 0.035379
6 0.094378 0.409586 0.006199 0.037194
148 0.348974 0.567886 0.018598 0.026610
121 0.349295 0.600242 0.019239 0.027215
141 0.207247 0.313426 0.032706 0.022074
45 0.148568 0.127306 0.050449 0.061687
132 0.109128 0.568340 0.010902 0.014212
132 0.150812 0.569247 0.010902 0.014212
2 0.128794 0.568945 0.025011 0.009979
132 0.651347 0.701996 0.010261 0.012398
132 0.673578 0.701089 0.010261 0.012398
132 0.694955 0.702601 0.010261 0.012398
132 0.716118 0.701693 0.010261 0.012398
132 0.765071 0.701089 0.010261 0.012398
132 0.783668 0.702601 0.010261 0.012398
132 0.828987 0.700786 0.010261 0.012398
132 0.630611 0.701542 0.009406 0.012700
132 0.844699 0.701240 0.009192 0.012700
132 0.860517 0.701845 0.009192 0.012700
132 0.898568 0.701845 0.009192 0.012700
132 0.915455 0.701845 0.009192 0.012700
132 0.930847 0.701845 0.009192 0.012700
81 0.348974 0.378288 0.021590 0.029634
81 0.349615 0.410795 0.022873 0.029332
81 0.334117 0.442849 0.020522 0.026913
149 0.226272 0.644844 0.031851 0.036589
132 0.080376 0.113849 0.010261 0.013003
132 0.080590 0.126852 0.010261 0.013003
132 0.080590 0.142274 0.010261 0.013003
83 0.184801 0.115059 0.006627 0.011188
83 0.196345 0.140762 0.006627 0.011188
83 0.205964 0.378591 0.007909 0.012096
83 0.294250 0.410039 0.007909 0.012096
83 0.371419 0.377684 0.007909 0.012096
83 0.372274 0.410039 0.007909 0.012096
83 0.372488 0.443907 0.007909 0.012096
83 0.320543 0.568491 0.007909 0.012096
83 0.371847 0.569247 0.007482 0.009374
83 0.220607 0.569096 0.007268 0.009072
83 0.163531 0.569096 0.007268 0.009072
83 0.163104 0.601149 0.007268 0.009072
129 0.291043 0.569549 0.019880 0.011188
