53 0.176678 0.200181 0.008764 0.022982
53 0.245511 0.200484 0.008764 0.022982
116 0.199337 0.288328 0.008337 0.020260
116 0.222852 0.287723 0.008337 0.020260
59 0.187153 0.397490 0.007054 0.020260
59 0.256413 0.399305 0.007054 0.020260
148 0.198482 0.397793 0.014750 0.022679
148 0.245083 0.397188 0.014750 0.022679
26 0.198482 0.345782 0.008337 0.021470
26 0.244121 0.345933 0.005558 0.020562
14 0.129115 0.291956 0.017956 0.027517
53 0.199017 0.200484 0.008978 0.021772
117 0.370351 0.206532 0.014750 0.010281
117 0.370778 0.183248 0.014750 0.010281
83 0.198696 0.256426 0.007909 0.011491
83 0.198910 0.321742 0.007909 0.011491
83 0.244870 0.320835 0.007909 0.011491
83 0.244870 0.158149 0.007909 0.011491
83 0.244976 0.180677 0.008123 0.010584
83 0.339889 0.185213 0.008123 0.010584
83 0.199017 0.180073 0.008123 0.010584
27 0.675395 0.193378 0.015177 0.012398
117 0.675823 0.224070 0.014750 0.010281
117 0.724348 0.224070 0.014750 0.010281
117 0.766460 0.191110 0.014750 0.010281
27 0.675609 0.292561 0.015177 0.012398
117 0.675609 0.322347 0.014750 0.010281
117 0.724348 0.322044 0.014750 0.010281
54 0.724562 0.192622 0.016460 0.013305
54 0.724134 0.292108 0.016460 0.013305
83 0.799059 0.193831 0.011543 0.015724
83 0.798311 0.291352 0.010475 0.017841
83 0.635207 0.323405 0.007482 0.015422
83 0.634780 0.226187 0.009619 0.013305
3 0.675716 0.383127 0.014964 0.022377
14 0.130825 0.721953 0.017956 0.034775
77 0.225951 0.641972 0.017956 0.013305
77 0.226058 0.806320 0.018170 0.011793
148 0.275331 0.773813 0.018811 0.022377
26 0.276507 0.721349 0.008337 0.022074
90 0.276614 0.674327 0.008978 0.024191
116 0.333262 0.643181 0.015819 0.010281
116 0.333262 0.804354 0.015819 0.010281
14 0.437366 0.725280 0.020522 0.032356
83 0.275545 0.643635 0.009406 0.011188
83 0.275224 0.805866 0.007909 0.009676
83 0.199872 0.424252 0.010688 0.010281
83 0.244549 0.424403 0.010688 0.012398
120 0.675823 0.404899 0.018170 0.011491
81 0.674647 0.445872 0.014536 0.027517
