27 0.225096 0.173874 0.016246 0.013910
26 0.226486 0.210311 0.019025 0.013607
26 0.226058 0.245842 0.019453 0.012096
27 0.225737 0.299365 0.016246 0.011491
27 0.226058 0.335803 0.016888 0.012398
27 0.225524 0.371938 0.016674 0.011491
27 0.226806 0.425310 0.017956 0.012398
27 0.227448 0.460992 0.020522 0.011188
27 0.225737 0.496825 0.017529 0.013305
27 0.225737 0.551406 0.018384 0.015422
27 0.225951 0.587239 0.018811 0.013305
27 0.226058 0.622467 0.019453 0.013607
5 0.227341 0.669943 0.025866 0.012398
5 0.225951 0.707741 0.018811 0.014212
5 0.644720 0.192773 0.022659 0.013607
5 0.643972 0.232537 0.020308 0.016329
132 0.274583 0.174025 0.007909 0.010584
132 0.274369 0.191563 0.007909 0.010584
132 0.274369 0.208800 0.007909 0.010584
132 0.274583 0.227245 0.007909 0.010584
132 0.274797 0.245993 0.007909 0.010584
132 0.275011 0.263230 0.007909 0.010584
132 0.273942 0.298609 0.007909 0.010584
132 0.274156 0.317055 0.007909 0.010584
132 0.274583 0.334593 0.007909 0.010584
132 0.274797 0.354249 0.007909 0.010584
132 0.274797 0.372090 0.007909 0.010584
132 0.275011 0.389930 0.007909 0.010584
132 0.273514 0.426217 0.007909 0.010584
132 0.274583 0.460085 0.007909 0.010584
132 0.274369 0.479438 0.007909 0.010584
132 0.275224 0.497883 0.007909 0.010584
132 0.274369 0.514817 0.007909 0.010584
132 0.273942 0.551406 0.007909 0.010584
132 0.274797 0.570154 0.007909 0.010584
132 0.274583 0.588600 0.007909 0.010584
132 0.274797 0.606138 0.007909 0.010584
132 0.274583 0.623677 0.007909 0.010584
132 0.274797 0.642123 0.007909 0.010584
132 0.274369 0.670850 0.007909 0.010584
132 0.273942 0.690807 0.007909 0.010584
132 0.274797 0.709253 0.007909 0.010584
132 0.275011 0.728606 0.007909 0.010584
132 0.275224 0.748261 0.007909 0.010584
132 0.274156 0.767009 0.007909 0.010584
132 0.274369 0.787269 0.007909 0.010584
132 0.274156 0.806925 0.007909 0.010584
132 0.275011 0.825975 0.007909 0.010584
132 0.274583 0.845026 0.007909 0.010584
132 0.274156 0.864379 0.007909 0.010584
132 0.274797 0.884639 0.007909 0.010584
132 0.692817 0.194738 0.009406 0.010281
132 0.692604 0.212579 0.009406 0.010281
132 0.692817 0.232537 0.009406 0.010281
132 0.693245 0.252192 0.009406 0.010281
132 0.692604 0.272150 0.009406 0.010281
132 0.693031 0.291200 0.009406 0.010281
132 0.693245 0.309646 0.009406 0.010281
132 0.692176 0.329906 0.009406 0.010281
132 0.692604 0.348654 0.009406 0.010281
132 0.692604 0.368914 0.009406 0.010281
132 0.693673 0.387965 0.009406 0.010281
132 0.692604 0.406411 0.009406 0.010281
132 0.691749 0.452979 0.009406 0.010281
132 0.691749 0.472936 0.009406 0.010281
132 0.692390 0.491684 0.009406 0.010281
132 0.692817 0.512247 0.009406 0.010281
132 0.692390 0.530995 0.009406 0.010281
132 0.693031 0.550045 0.009406 0.010281
132 0.692390 0.570003 0.009406 0.010281
132 0.693245 0.589658 0.009406 0.010281
132 0.692390 0.609011 0.009406 0.010281
132 0.692817 0.628062 0.009406 0.010281
132 0.692604 0.648322 0.009406 0.010281
132 0.692817 0.666465 0.009406 0.010281
5 0.645041 0.452374 0.016460 0.012700
5 0.643972 0.490172 0.015605 0.013305
81 0.618640 0.521167 0.015391 0.015422
81 0.201047 0.738887 0.010902 0.014212
81 0.618320 0.261869 0.011330 0.013910
83 0.197200 0.690505 0.007482 0.008769
83 0.615541 0.473390 0.007482 0.012398
83 0.615113 0.213033 0.007482 0.012398
