88 0.171334 0.250680 0.006199 0.008467
88 0.215584 0.250983 0.006199 0.008467
88 0.305152 0.251890 0.006199 0.008467
88 0.373130 0.251285 0.006199 0.008467
88 0.417379 0.250076 0.006199 0.008467
88 0.508230 0.252797 0.006199 0.008467
88 0.172403 0.501663 0.006199 0.008467
88 0.306434 0.629271 0.006199 0.008467
88 0.170479 0.718778 0.006199 0.008467
88 0.305152 0.717266 0.006199 0.008467
88 0.373985 0.719686 0.006199 0.008467
88 0.507802 0.717871 0.006199 0.008467
88 0.506306 0.628062 0.006199 0.008467
88 0.419089 0.366798 0.006199 0.008467
88 0.373343 0.502268 0.006199 0.008467
55 0.097584 0.485183 0.048097 0.507711
120 0.173258 0.323707 0.011757 0.038403
120 0.308786 0.323103 0.011757 0.038403
120 0.261971 0.563502 0.011757 0.038403
120 0.420372 0.467947 0.011757 0.038403
120 0.374198 0.323405 0.011757 0.038403
120 0.510581 0.323405 0.011757 0.038403
120 0.464835 0.565316 0.011757 0.038403
122 0.172403 0.564106 0.009619 0.036589
122 0.305579 0.563502 0.009619 0.036589
122 0.507802 0.562897 0.009619 0.036589
34 0.216546 0.322951 0.011543 0.036891
34 0.418769 0.323858 0.011543 0.036891
120 0.217080 0.465830 0.011757 0.038403
66 0.215263 0.390989 0.012398 0.017539
66 0.261009 0.394013 0.012398 0.017539
66 0.417700 0.391594 0.012398 0.017539
66 0.463232 0.391896 0.012398 0.017539
