121 0.725431 0.129115 0.032658 0.024797
117 0.437557 0.126657 0.037496 0.011757
117 0.436347 0.153805 0.037496 0.011757
117 0.436650 0.179457 0.037496 0.011757
117 0.436045 0.253206 0.037496 0.011757
117 0.309041 0.280355 0.037496 0.011757
117 0.309041 0.340209 0.037496 0.011757
117 0.658301 0.338713 0.037496 0.011757
117 0.655881 0.380825 0.037496 0.011757
117 0.414878 0.466759 0.037496 0.011757
117 0.308437 0.444528 0.037496 0.011757
117 0.274267 0.494121 0.037496 0.011757
117 0.413668 0.693993 0.037496 0.011757
117 0.414273 0.720928 0.037496 0.011757
119 0.436650 0.228516 0.033263 0.012398
119 0.559722 0.284523 0.033263 0.012398
119 0.560327 0.306755 0.033263 0.012398
119 0.656486 0.309320 0.033263 0.012398
119 0.656486 0.415776 0.033263 0.012398
119 0.560629 0.416204 0.033263 0.012398
119 0.560629 0.447200 0.033263 0.012398
119 0.412156 0.492518 0.033263 0.012398
119 0.560629 0.697734 0.033263 0.012398
119 0.559722 0.723600 0.033263 0.012398
116 0.641064 0.809320 0.016934 0.027362
26 0.175537 0.372916 0.020865 0.023301
95 0.412156 0.443138 0.040520 0.018384
4 0.414122 0.527469 0.034170 0.015177
4 0.415331 0.551411 0.034170 0.015177
4 0.414726 0.584331 0.034170 0.015177
4 0.415029 0.606776 0.034170 0.015177
4 0.413819 0.630718 0.034170 0.015177
4 0.412912 0.664493 0.034170 0.015177
38 0.274418 0.532172 0.035379 0.012612
83 0.174781 0.128260 0.015119 0.007696
83 0.171454 0.154981 0.015119 0.007696
83 0.176293 0.201582 0.015119 0.007696
83 0.355005 0.202651 0.015119 0.007696
83 0.575446 0.129115 0.015119 0.007696
83 0.771092 0.128260 0.015119 0.007696
83 0.773511 0.202223 0.015119 0.007696
83 0.771999 0.227234 0.015119 0.007696
83 0.389477 0.256520 0.015119 0.007696
83 0.389477 0.280248 0.015119 0.007696
83 0.488358 0.281317 0.015119 0.007696
83 0.774116 0.281317 0.015119 0.007696
95 0.435742 0.276828 0.040520 0.018384
83 0.773511 0.308251 0.015119 0.007696
83 0.610826 0.282813 0.015119 0.007696
83 0.611128 0.308679 0.015119 0.007696
83 0.775023 0.342668 0.015119 0.007696
83 0.775023 0.380077 0.015119 0.007696
83 0.387965 0.341599 0.015119 0.007696
83 0.390989 0.381360 0.015119 0.007696
83 0.253402 0.342240 0.015119 0.007696
83 0.251285 0.446772 0.015119 0.007696
83 0.174478 0.444207 0.015119 0.007696
83 0.365891 0.446131 0.015119 0.007696
83 0.455700 0.446345 0.015119 0.007696
83 0.363774 0.469645 0.015119 0.007696
83 0.177805 0.493373 0.015119 0.007696
83 0.610826 0.414921 0.015119 0.007696
83 0.610826 0.444634 0.015119 0.007696
83 0.774116 0.415562 0.015119 0.007696
83 0.774116 0.446131 0.015119 0.007696
83 0.773208 0.492304 0.015119 0.007696
83 0.173269 0.531851 0.015119 0.007696
83 0.321439 0.529714 0.015119 0.007696
83 0.475960 0.530141 0.015119 0.007696
83 0.501361 0.555793 0.015119 0.007696
83 0.322951 0.555152 0.015119 0.007696
83 0.323858 0.586575 0.015119 0.007696
83 0.381917 0.589354 0.015119 0.007696
83 0.377381 0.609876 0.015119 0.007696
83 0.506501 0.666952 0.015119 0.007696
83 0.173269 0.696238 0.015119 0.007696
83 0.173571 0.723814 0.015119 0.007696
83 0.771394 0.668448 0.015119 0.007696
83 0.771092 0.697520 0.015119 0.007696
83 0.773511 0.723386 0.015119 0.007696
