13 0.460881 0.181736 0.017956 0.026005
132 0.435656 0.182340 0.006841 0.011491
132 0.435229 0.167977 0.006841 0.009374
132 0.436084 0.195192 0.006841 0.009374
135 0.385742 0.165860 0.012612 0.011188
135 0.385742 0.190959 0.012612 0.011188
135 0.385314 0.177653 0.012612 0.011188
117 0.342027 0.167523 0.018811 0.010281
117 0.342454 0.193529 0.018811 0.010281
117 0.342454 0.180224 0.018811 0.010281
58 0.263040 0.183701 0.014750 0.012398
78 0.281958 0.234200 0.012826 0.010584
83 0.280996 0.222558 0.007482 0.008467
10 0.263360 0.222256 0.018811 0.026610
77 0.301304 0.301028 0.016460 0.013607
141 0.264322 0.315694 0.015177 0.033868
110 0.157867 0.181282 0.033134 0.045661
83 0.194421 0.169943 0.006627 0.010281
83 0.202971 0.195948 0.006627 0.010281
76 0.193993 0.250529 0.008337 0.021470
76 0.203613 0.250832 0.008337 0.021470
76 0.222210 0.250227 0.008337 0.021470
76 0.230975 0.249622 0.008337 0.021470
117 0.341813 0.300272 0.018384 0.011491
117 0.342454 0.326278 0.018384 0.011491
148 0.326422 0.407167 0.017101 0.026913
83 0.109128 0.406259 0.007482 0.009979
132 0.435656 0.301028 0.006841 0.009374
132 0.436084 0.326429 0.006841 0.009374
27 0.181274 0.406713 0.019667 0.010886
117 0.143437 0.404445 0.019667 0.010584
83 0.364900 0.404748 0.005558 0.011793
141 0.236960 0.480647 0.027148 0.019655
76 0.108914 0.521772 0.007482 0.022074
76 0.237388 0.521167 0.009619 0.020865
83 0.237602 0.554732 0.007909 0.009979
83 0.237602 0.603115 0.007909 0.009979
83 0.237602 0.620351 0.007909 0.009979
83 0.237815 0.636680 0.007909 0.009979
83 0.238243 0.651497 0.007909 0.009979
83 0.365861 0.555035 0.007909 0.009979
76 0.366289 0.520865 0.008337 0.020865
83 0.365648 0.618536 0.007909 0.009979
83 0.365861 0.651497 0.007909 0.009979
83 0.366289 0.702298 0.007909 0.009979
117 0.300128 0.602963 0.020094 0.013910
117 0.299701 0.632598 0.020094 0.013910
83 0.314558 0.619595 0.005772 0.008467
83 0.314344 0.651648 0.005772 0.008467
81 0.327063 0.554884 0.017529 0.022982
132 0.346516 0.553825 0.006413 0.008769
132 0.306648 0.554732 0.007054 0.010584
5 0.271163 0.552918 0.018170 0.010584
5 0.272018 0.617932 0.018170 0.010584
5 0.271377 0.651497 0.018170 0.010584
117 0.716973 0.399758 0.020522 0.012096
117 0.717614 0.433928 0.020522 0.012096
83 0.770522 0.368310 0.006627 0.009676
83 0.770094 0.384034 0.006627 0.009676
83 0.770522 0.401270 0.006627 0.009676
83 0.769453 0.435440 0.006627 0.009676
7 0.718256 0.365135 0.017956 0.012398
117 0.751389 0.339280 0.020522 0.012096
117 0.752458 0.484729 0.020522 0.012096
5 0.847905 0.415180 0.017315 0.012700
3 0.847691 0.448594 0.019025 0.013607
132 0.823215 0.384639 0.008978 0.010281
132 0.822788 0.452676 0.008978 0.010281
132 0.824070 0.418204 0.008978 0.010281
35 0.106883 0.586786 0.011543 0.026308
79 0.469324 0.301935 0.022018 0.019655
83 0.696772 0.419262 0.006199 0.011793
83 0.695703 0.451013 0.006199 0.011793
95 0.718042 0.483671 0.023087 0.013607
150 0.717828 0.341095 0.019239 0.015119
27 0.740060 0.724070 0.020094 0.010584
27 0.775331 0.723768 0.021377 0.013607
81 0.326208 0.618385 0.018811 0.027215
81 0.325566 0.650741 0.018811 0.027215
132 0.823322 0.724070 0.010475 0.013003
132 0.824177 0.742365 0.012185 0.010886
