148 0.326315 0.298307 0.019880 0.024493
121 0.325673 0.331721 0.016888 0.025401
5 0.187260 0.296643 0.020522 0.013910
83 0.236105 0.298609 0.007482 0.011188
83 0.108166 0.298760 0.004703 0.009676
83 0.365006 0.495464 0.007482 0.011188
83 0.365327 0.296643 0.004703 0.009676
83 0.364793 0.331267 0.007482 0.011188
152 0.274797 0.483066 0.040829 0.119444
148 0.326315 0.529181 0.019880 0.028425
27 0.229906 0.497430 0.018598 0.013910
83 0.213767 0.531751 0.010688 0.011793
117 0.229906 0.560175 0.016460 0.012398
27 0.142048 0.529936 0.021590 0.008164
5 0.187473 0.527064 0.020522 0.013910
