13 0.461308 0.180677 0.017529 0.023889
132 0.435763 0.169187 0.007054 0.008769
132 0.436191 0.194587 0.007054 0.008769
132 0.435763 0.180980 0.007054 0.008769
135 0.386490 0.165256 0.014536 0.011793
135 0.386062 0.178863 0.014536 0.011793
135 0.386490 0.191261 0.014536 0.011793
10 0.263895 0.181736 0.019453 0.023586
117 0.342561 0.167221 0.016460 0.010281
117 0.341278 0.181736 0.019453 0.010281
117 0.342133 0.192471 0.017315 0.012398
110 0.158401 0.181736 0.035485 0.044149
76 0.193673 0.251285 0.007696 0.021167
76 0.202651 0.250378 0.007696 0.021167
76 0.221890 0.250983 0.007696 0.021167
76 0.230868 0.250983 0.007696 0.021167
141 0.263574 0.316148 0.013681 0.033565
116 0.408294 0.250680 0.007268 0.028425
116 0.417486 0.252495 0.007268 0.028425
81 0.325566 0.555791 0.019239 0.026005
76 0.237602 0.521621 0.007909 0.022982
76 0.107845 0.520714 0.007909 0.022982
76 0.365434 0.521923 0.007909 0.022982
141 0.237388 0.480345 0.026293 0.019655
117 0.143330 0.405503 0.018598 0.012700
83 0.108380 0.406411 0.006841 0.009676
83 0.365968 0.404899 0.006841 0.009676
148 0.326742 0.407167 0.019880 0.023889
27 0.181595 0.405655 0.017743 0.008164
83 0.406905 0.168279 0.007909 0.007560
83 0.416204 0.194285 0.004703 0.006955
83 0.406798 0.300726 0.004703 0.006955
83 0.416845 0.326580 0.004703 0.008467
116 0.417914 0.365891 0.007268 0.028425
83 0.366182 0.553372 0.006841 0.009676
132 0.345554 0.552918 0.007054 0.009374
132 0.307183 0.553674 0.005130 0.009676
117 0.270628 0.550650 0.020522 0.010886
83 0.236640 0.553674 0.006841 0.009676
83 0.364472 0.651648 0.006841 0.009676
83 0.364686 0.620502 0.006841 0.009676
83 0.366610 0.684911 0.006841 0.009676
83 0.237495 0.652858 0.006841 0.009676
121 0.325887 0.683701 0.016888 0.024796
34 0.108807 0.586937 0.008551 0.027820
83 0.108059 0.651648 0.007054 0.009676
5 0.186618 0.651346 0.019239 0.013910
27 0.230868 0.850771 0.020522 0.008769
5 0.186191 0.881312 0.020094 0.011793
27 0.143117 0.884336 0.023301 0.011793
83 0.365968 0.850620 0.006841 0.009676
83 0.306969 0.882976 0.006841 0.009676
117 0.230654 0.914878 0.019239 0.013607
148 0.325673 0.884336 0.017315 0.031146
132 0.822467 0.213789 0.010047 0.014515
132 0.822039 0.485939 0.010047 0.014515
132 0.821826 0.452071 0.010047 0.014515
132 0.823963 0.416692 0.010047 0.014515
132 0.823749 0.383731 0.010047 0.014515
132 0.821826 0.350166 0.010047 0.014515
132 0.823322 0.314484 0.010047 0.014515
132 0.822039 0.280314 0.010047 0.014515
132 0.822467 0.247354 0.010047 0.014515
132 0.821826 0.589054 0.010047 0.014515
132 0.824391 0.571213 0.010047 0.014515
132 0.822894 0.553674 0.010047 0.014515
132 0.823536 0.538555 0.010047 0.014515
132 0.822894 0.504082 0.010047 0.014515
132 0.822253 0.689749 0.010047 0.014515
132 0.822467 0.674025 0.010047 0.014515
132 0.822467 0.639552 0.010047 0.014515
132 0.822253 0.624735 0.010047 0.014515
132 0.822894 0.606290 0.010047 0.014515
5 0.848012 0.314938 0.019667 0.014212
5 0.847157 0.415936 0.019667 0.014212
5 0.848653 0.346689 0.019667 0.014212
3 0.848119 0.448292 0.019453 0.014817
117 0.716759 0.399305 0.021377 0.013003
117 0.718256 0.433172 0.021377 0.013003
83 0.752886 0.435289 0.005985 0.011793
83 0.779179 0.503326 0.005985 0.011793
83 0.790936 0.485788 0.005985 0.011793
83 0.782172 0.451315 0.005985 0.011793
83 0.793715 0.417750 0.005985 0.011793
83 0.806541 0.384790 0.005985 0.011793
83 0.752458 0.384185 0.005985 0.011793
83 0.752458 0.401119 0.005985 0.010584
117 0.781744 0.212428 0.021377 0.013003
7 0.718256 0.364681 0.018384 0.016329
1 0.848333 0.483520 0.019025 0.011491
148 0.326528 0.652858 0.017315 0.026610
152 0.274797 0.837164 0.040829 0.116420
83 0.212056 0.884790 0.006841 0.009676
83 0.221569 0.170094 0.006627 0.008769
83 0.232257 0.193982 0.006627 0.008769
83 0.194421 0.169187 0.007909 0.007560
83 0.204040 0.195192 0.007909 0.007560
