55 0.499252 0.151950 0.029714 0.048685
55 0.501389 0.206078 0.032279 0.037194
55 0.501603 0.259903 0.033561 0.044451
55 0.496152 0.313275 0.033348 0.047173
55 0.497221 0.459631 0.033348 0.047173
62 0.138628 0.153916 0.017743 0.021167
62 0.164280 0.155125 0.017743 0.021167
62 0.147606 0.314182 0.017743 0.021167
146 0.672617 0.680375 0.014750 0.027215
83 0.355494 0.149229 0.006413 0.008769
83 0.272125 0.309495 0.006413 0.008769
83 0.325780 0.572573 0.009406 0.008769
82 0.278858 0.366042 0.012612 0.009979
82 0.278431 0.386907 0.012612 0.009979
82 0.278645 0.405352 0.012612 0.009979
82 0.282065 0.518446 0.012612 0.009979
82 0.283134 0.541730 0.012612 0.009979
82 0.282920 0.565014 0.012612 0.009979
82 0.283561 0.587693 0.012612 0.009979
82 0.345554 0.588600 0.012612 0.009979
82 0.346622 0.540822 0.012612 0.009979
82 0.346409 0.519050 0.012612 0.009979
82 0.198268 0.694738 0.012612 0.009979
82 0.198268 0.707741 0.012612 0.009979
82 0.198055 0.721046 0.012612 0.009979
82 0.647178 0.722256 0.012612 0.009979
82 0.706819 0.722558 0.012612 0.009979
82 0.647178 0.638494 0.012612 0.009979
82 0.706605 0.402026 0.012612 0.009979
121 0.341278 0.364379 0.016888 0.011491
121 0.341920 0.403689 0.016888 0.011491
117 0.307289 0.529332 0.016460 0.025098
117 0.306862 0.575597 0.016460 0.025098
113 0.151881 0.504233 0.035271 0.037194
44 0.188115 0.497430 0.019239 0.018748
122 0.747114 0.435440 0.007268 0.022377
120 0.795960 0.435440 0.010475 0.022377
122 0.747328 0.534019 0.007268 0.022377
122 0.747114 0.559722 0.007268 0.022377
122 0.747328 0.586937 0.007268 0.022377
147 0.747114 0.679619 0.017529 0.025703
88 0.166310 0.141367 0.006413 0.006955
88 0.355066 0.141064 0.006413 0.006955
88 0.362976 0.166465 0.006413 0.006955
88 0.272339 0.302238 0.006413 0.006955
88 0.237922 0.366344 0.006413 0.006955
88 0.247755 0.386302 0.006413 0.006955
88 0.258230 0.405352 0.006413 0.006955
88 0.238350 0.519050 0.006413 0.006955
88 0.247328 0.542939 0.006413 0.006955
88 0.270842 0.542334 0.006413 0.006955
88 0.326208 0.543846 0.006413 0.006955
88 0.238136 0.695646 0.006413 0.006955
88 0.325353 0.562292 0.006413 0.006955
88 0.401881 0.519353 0.006413 0.006955
88 0.403164 0.553220 0.006413 0.006955
88 0.413425 0.543846 0.006413 0.006955
88 0.424754 0.533263 0.006413 0.006955
88 0.440573 0.552313 0.006413 0.006955
88 0.513467 0.563199 0.006413 0.006955
88 0.522018 0.551104 0.006413 0.006955
88 0.163959 0.721953 0.006413 0.006955
88 0.256520 0.721046 0.006413 0.006955
88 0.137452 0.695041 0.006413 0.006955
88 0.150064 0.707439 0.006413 0.006955
88 0.746900 0.721500 0.005558 0.008467
88 0.796280 0.722105 0.005558 0.008467
88 0.849722 0.723617 0.005558 0.008467
88 0.849081 0.401875 0.005558 0.008467
88 0.795212 0.401572 0.005558 0.008467
88 0.746900 0.400968 0.005558 0.008467
