88 0.268170 0.098125 0.007054 0.009374
88 0.282279 0.117629 0.006199 0.009676
88 0.297563 0.137436 0.005985 0.009374
88 0.302266 0.187179 0.007268 0.008467
88 0.318619 0.187481 0.005344 0.008467
88 0.703720 0.204566 0.005985 0.009374
88 0.704681 0.230269 0.006627 0.008164
88 0.694528 0.256879 0.005985 0.009374
88 0.824284 0.141972 0.006841 0.010584
88 0.823963 0.216057 0.005772 0.009374
88 0.824391 0.230572 0.006627 0.007560
88 0.811672 0.243877 0.006413 0.008164
88 0.824177 0.257635 0.005344 0.009676
88 0.811458 0.417448 0.004703 0.009374
88 0.822574 0.431963 0.004703 0.009979
88 0.811458 0.443000 0.004703 0.007257
88 0.821612 0.456456 0.005344 0.008164
88 0.835400 0.430451 0.003420 0.005745
88 0.855494 0.443907 0.005985 0.009676
88 0.699444 0.443907 0.007696 0.009676
88 0.698589 0.456758 0.005985 0.007560
88 0.686725 0.470517 0.004062 0.006653
88 0.657332 0.470819 0.005558 0.008467
88 0.637238 0.457666 0.005130 0.008164
88 0.555793 0.442849 0.005558 0.009374
88 0.537944 0.457514 0.005344 0.009072
88 0.520949 0.469610 0.005558 0.008467
88 0.268170 0.633051 0.004917 0.011188
88 0.282599 0.652102 0.005130 0.008164
88 0.297884 0.670699 0.005344 0.007862
88 0.520949 0.632446 0.005130 0.006955
88 0.537730 0.651497 0.005344 0.007560
88 0.556007 0.671303 0.004703 0.010281
88 0.654553 0.632900 0.005130 0.009676
88 0.693138 0.651497 0.006199 0.009374
88 0.676037 0.669791 0.004917 0.007862
88 0.779286 0.632295 0.003634 0.006653
88 0.808145 0.650590 0.004062 0.009374
88 0.794036 0.692773 0.004917 0.006653
88 0.823322 0.692017 0.004917 0.008164
16 0.845126 0.394164 0.037409 0.050499
13 0.899423 0.393862 0.036982 0.052918
12 0.874198 0.208951 0.036554 0.049592
125 0.648247 0.317811 0.043395 0.057454
17 0.593950 0.238131 0.063916 0.086181
82 0.401240 0.633353 0.016674 0.014212
82 0.401240 0.651194 0.016674 0.012398
82 0.401560 0.670850 0.017315 0.011188
82 0.594378 0.632446 0.016032 0.012398
82 0.594057 0.651346 0.016674 0.012096
82 0.594592 0.671001 0.017315 0.012700
81 0.520842 0.496220 0.007909 0.026610
81 0.537837 0.495011 0.008978 0.024796
81 0.555579 0.494859 0.008123 0.025098
81 0.521056 0.583308 0.007482 0.023586
81 0.538157 0.582401 0.007482 0.022982
81 0.555900 0.582401 0.007054 0.024796
83 0.318085 0.196855 0.011116 0.010886
62 0.267315 0.199274 0.019453 0.027820
146 0.665990 0.731327 0.028003 0.026913
44 0.668769 0.816299 0.018170 0.025098
121 0.169303 0.400514 0.023942 0.016631
121 0.168555 0.448443 0.022445 0.015724
121 0.168769 0.501814 0.027148 0.013003
121 0.736640 0.781070 0.013254 0.013910
121 0.775224 0.798760 0.015177 0.009979
120 0.347157 0.477321 0.011116 0.031751
120 0.362227 0.477926 0.012185 0.030541
120 0.391727 0.477321 0.009619 0.033565
120 0.421334 0.477170 0.009406 0.032053
120 0.639055 0.400665 0.008764 0.029634
83 0.810923 0.799365 0.006627 0.013607
117 0.539012 0.549441 0.039547 0.027215
87 0.843630 0.826429 0.033134 0.048987
14 0.283241 0.849562 0.030782 0.042032
122 0.331124 0.477774 0.007696 0.033868
122 0.376229 0.476565 0.007696 0.033868
122 0.405301 0.476867 0.007696 0.033868
122 0.434160 0.477170 0.007696 0.033868
62 0.297563 0.202752 0.020094 0.025098
123 0.736853 0.800121 0.013681 0.009072
55 0.778752 0.115059 0.036768 0.033565
55 0.348012 0.304506 0.030782 0.038706
55 0.861372 0.642123 0.033989 0.034170
55 0.862227 0.576051 0.033989 0.033868
55 0.847157 0.310553 0.040188 0.032658
23 0.270842 0.476867 0.014109 0.037496
23 0.286233 0.477472 0.014109 0.037496
23 0.301411 0.476565 0.014109 0.037496
146 0.786340 0.713335 0.012185 0.018748
146 0.815626 0.713638 0.012185 0.018748
146 0.844912 0.713940 0.012185 0.018748
86 0.786447 0.731932 0.012398 0.015422
86 0.815947 0.732839 0.012398 0.015422
86 0.844805 0.732235 0.012398 0.015422
155 0.758337 0.236922 0.086575 0.110977
140 0.757802 0.424554 0.082514 0.151799
