55 0.286513 0.196665 0.081947 0.077383
55 0.281675 0.335934 0.071666 0.046815
12 0.806169 0.218256 0.067130 0.044891
16 0.808134 0.341171 0.063199 0.044891
87 0.768824 0.665883 0.066828 0.047456
86 0.655579 0.545425 0.021167 0.015177
86 0.716359 0.546067 0.021167 0.015177
86 0.776232 0.544570 0.021167 0.015177
155 0.649834 0.219324 0.130632 0.056434
155 0.649229 0.331338 0.130632 0.056434
77 0.447233 0.325673 0.027215 0.008337
77 0.447233 0.336362 0.027215 0.008337
77 0.447536 0.347264 0.027215 0.008337
77 0.446326 0.406050 0.027215 0.008337
77 0.445721 0.416310 0.027215 0.008337
77 0.446628 0.475310 0.027215 0.008337
77 0.445419 0.485143 0.027215 0.008337
77 0.446326 0.494121 0.027215 0.008337
91 0.563502 0.405622 0.035984 0.011330
91 0.563804 0.416952 0.035984 0.011330
42 0.500151 0.657439 0.030844 0.020308
117 0.609465 0.623450 0.028122 0.009192
119 0.609465 0.642475 0.031146 0.007482
78 0.689749 0.643224 0.010886 0.010261
142 0.655730 0.527897 0.022074 0.017315
142 0.715906 0.528324 0.022074 0.017315
142 0.776686 0.527041 0.022074 0.017315
83 0.572876 0.202971 0.009374 0.005772
83 0.573783 0.222852 0.009374 0.005772
83 0.741004 0.203826 0.009374 0.005772
83 0.738887 0.213660 0.009374 0.005772
83 0.724977 0.223279 0.009374 0.005772
83 0.741004 0.335507 0.009374 0.005772
83 0.725582 0.345981 0.009374 0.005772
83 0.571364 0.344912 0.009374 0.005772
83 0.405352 0.345981 0.009374 0.005772
83 0.390838 0.336362 0.009374 0.005772
83 0.376625 0.325887 0.009374 0.005772
83 0.377230 0.406050 0.009374 0.005772
83 0.388721 0.416310 0.009374 0.005772
83 0.478833 0.475524 0.009374 0.005772
83 0.510281 0.484929 0.009374 0.005772
83 0.672362 0.504810 0.009374 0.005772
83 0.731327 0.506306 0.009374 0.005772
83 0.512096 0.571505 0.009374 0.005772
83 0.634261 0.640979 0.009374 0.005772
75 0.734503 0.411287 0.117327 0.027362
