5 0.143758 0.267765 0.017743 0.013607
83 0.108166 0.267917 0.005985 0.010281
83 0.108593 0.443000 0.005985 0.010281
83 0.365541 0.310553 0.005985 0.010281
83 0.366823 0.342607 0.005985 0.010281
83 0.365113 0.374962 0.005985 0.010281
83 0.365968 0.448140 0.005985 0.010281
83 0.303762 0.276383 0.005985 0.010281
83 0.364686 0.245540 0.005985 0.010281
83 0.365327 0.276988 0.005985 0.010281
83 0.257054 0.309949 0.006199 0.010281
83 0.256306 0.276686 0.005985 0.010281
117 0.226272 0.275325 0.021163 0.010584
117 0.279500 0.340943 0.021163 0.010584
132 0.347157 0.450408 0.009406 0.011793
132 0.235785 0.450711 0.009406 0.011793
148 0.326849 0.450711 0.018811 0.029936
148 0.325566 0.309193 0.018811 0.029936
148 0.325994 0.340036 0.018811 0.029936
148 0.326422 0.374811 0.018811 0.029936
148 0.326849 0.276686 0.018811 0.025401
148 0.325566 0.244784 0.019667 0.025098
117 0.226699 0.375113 0.019025 0.013607
132 0.243908 0.376021 0.007268 0.008769
132 0.208209 0.376625 0.007268 0.008769
117 0.186939 0.431358 0.019025 0.013607
83 0.204040 0.277442 0.007054 0.006955
83 0.220393 0.448594 0.006841 0.006955
83 0.212805 0.607348 0.007054 0.006955
83 0.365541 0.573480 0.006841 0.006955
27 0.229906 0.574539 0.020735 0.014515
83 0.308038 0.607348 0.006841 0.006955
27 0.142903 0.607499 0.020735 0.014515
5 0.187046 0.605534 0.017101 0.013607
117 0.230120 0.636680 0.019025 0.013607
152 0.274583 0.560478 0.040829 0.117024
148 0.326315 0.607499 0.019880 0.027215
132 0.823215 0.162534 0.006841 0.011188
132 0.823215 0.502117 0.006841 0.011188
132 0.822681 0.469005 0.007482 0.012096
132 0.822360 0.434986 0.006841 0.011188
132 0.822574 0.401119 0.006841 0.011188
132 0.822788 0.366949 0.006841 0.011188
132 0.823215 0.332174 0.006841 0.011188
132 0.822360 0.298609 0.006841 0.011188
132 0.822788 0.263230 0.006841 0.011188
132 0.823215 0.230269 0.006841 0.011188
132 0.822146 0.195494 0.006841 0.011188
132 0.822360 0.605231 0.006841 0.011188
132 0.823643 0.571666 0.006841 0.011188
132 0.823215 0.537194 0.006841 0.011188
117 0.673044 0.229060 0.021163 0.013607
132 0.823215 0.673874 0.006841 0.011188
132 0.822788 0.639099 0.006841 0.011188
132 0.822788 0.709253 0.006841 0.011188
132 0.823215 0.743423 0.006841 0.011188
132 0.822788 0.774569 0.006841 0.011188
117 0.672510 0.671908 0.017529 0.013305
117 0.848012 0.774871 0.022232 0.012398
117 0.847584 0.637285 0.022232 0.012398
5 0.847157 0.364530 0.020522 0.013607
5 0.847905 0.330360 0.019025 0.014212
81 0.848012 0.161476 0.019239 0.027215
91 0.279393 0.275779 0.023087 0.015119
65 0.255665 0.447989 0.017956 0.014817
43 0.182770 0.268824 0.018384 0.021167
43 0.136597 0.442244 0.018384 0.025703
29 0.291364 0.449501 0.019239 0.016027
