88 0.166738 0.418809 0.008551 0.009072
88 0.367892 0.418204 0.008551 0.009072
88 0.399530 0.416692 0.008551 0.009072
88 0.435656 0.417901 0.008551 0.009072
88 0.469645 0.418809 0.008551 0.009072
88 0.468576 0.475355 0.008551 0.009072
88 0.502565 0.419111 0.008551 0.009072
88 0.529927 0.418506 0.008551 0.009072
88 0.573963 0.418809 0.008551 0.009072
88 0.629970 0.418204 0.008551 0.009072
88 0.629756 0.492289 0.008551 0.009072
88 0.701368 0.420623 0.008551 0.009072
88 0.701582 0.494406 0.008551 0.009072
88 0.629115 0.553674 0.008551 0.009072
88 0.777041 0.518295 0.008551 0.009072
88 0.840530 0.416994 0.008551 0.009072
88 0.878153 0.419413 0.008551 0.009072
88 0.877939 0.737829 0.008551 0.009072
88 0.842240 0.738131 0.008551 0.009072
88 0.793715 0.737526 0.008551 0.009072
88 0.759513 0.736922 0.008551 0.009072
88 0.530355 0.735712 0.008551 0.009072
88 0.701796 0.736317 0.008551 0.009072
88 0.659042 0.737829 0.008551 0.009072
88 0.629329 0.736015 0.008551 0.009072
88 0.574605 0.736317 0.008551 0.009072
88 0.470500 0.736015 0.008551 0.009072
88 0.427319 0.736317 0.008551 0.009072
88 0.399530 0.735712 0.008551 0.009072
88 0.398247 0.647717 0.008551 0.009072
88 0.367251 0.736015 0.008551 0.009072
82 0.133818 0.417297 0.014109 0.010886
82 0.348012 0.418204 0.014109 0.010886
82 0.133390 0.735410 0.014109 0.010886
82 0.347584 0.735712 0.014109 0.010886
15 0.841706 0.550045 0.020308 0.029029
50 0.878581 0.547173 0.026080 0.040822
146 0.311244 0.571666 0.026935 0.034775
23 0.230761 0.237829 0.015605 0.038403
23 0.248076 0.237829 0.015605 0.038403
23 0.262612 0.236619 0.015605 0.038403
121 0.139162 0.161778 0.022232 0.017539
28 0.165990 0.446628 0.007482 0.024796
28 0.469111 0.528576 0.007482 0.024796
28 0.573856 0.526761 0.007482 0.024796
28 0.629649 0.525854 0.007482 0.024796
28 0.574711 0.638343 0.007482 0.024796
28 0.630291 0.586332 0.007482 0.024796
28 0.630932 0.639855 0.007482 0.024796
28 0.701903 0.640157 0.007482 0.024796
28 0.701475 0.527064 0.007482 0.024796
28 0.918021 0.699425 0.007482 0.024796
120 0.243587 0.691715 0.007054 0.022679
121 0.139590 0.211370 0.022232 0.017539
121 0.138521 0.264288 0.022232 0.017539
28 0.279927 0.238282 0.007482 0.036287
28 0.323108 0.239492 0.007482 0.036287
28 0.352822 0.236468 0.007482 0.036287
28 0.382322 0.238282 0.007482 0.036287
120 0.400171 0.446175 0.007696 0.024493
120 0.436298 0.445872 0.007696 0.024493
120 0.470500 0.445872 0.007696 0.024493
120 0.502779 0.445268 0.007696 0.024493
120 0.530782 0.526308 0.007696 0.024493
120 0.631253 0.451013 0.007696 0.024493
120 0.659042 0.587995 0.007696 0.024493
120 0.843309 0.450711 0.007696 0.024493
122 0.841599 0.605534 0.008978 0.033565
99 0.879543 0.451315 0.009619 0.025703
57 0.759192 0.550045 0.013040 0.019958
57 0.795532 0.549138 0.013040 0.019958
147 0.166952 0.574085 0.020522 0.029332
157 0.877405 0.597520 0.020308 0.026005
155 0.879649 0.835198 0.066695 0.066526
