110 0.158187 0.181736 0.035913 0.043544
132 0.108700 0.228152 0.007054 0.014212
132 0.108487 0.245086 0.007054 0.014212
76 0.193673 0.251890 0.009833 0.027215
76 0.203506 0.253099 0.009833 0.027215
76 0.221248 0.252192 0.009833 0.027215
76 0.231295 0.253402 0.009833 0.027215
83 0.230868 0.196553 0.007268 0.009676
83 0.221890 0.169640 0.007268 0.009676
83 0.193886 0.169035 0.007268 0.009676
83 0.203078 0.195948 0.007268 0.009676
83 0.280889 0.221953 0.007268 0.009676
58 0.264215 0.181887 0.016246 0.011188
10 0.264215 0.221953 0.019667 0.024796
117 0.342775 0.167372 0.020308 0.011793
117 0.342347 0.193378 0.020308 0.011793
117 0.342775 0.180073 0.020308 0.011793
135 0.385100 0.166163 0.012185 0.011793
135 0.386169 0.191866 0.012185 0.011793
135 0.385742 0.178863 0.012185 0.011793
83 0.407867 0.168582 0.004703 0.006955
83 0.416417 0.194738 0.005985 0.009676
132 0.436298 0.169187 0.007268 0.012398
132 0.436511 0.181887 0.007268 0.012398
132 0.436511 0.197006 0.007268 0.012398
13 0.461843 0.180829 0.017315 0.026610
78 0.281531 0.233293 0.009833 0.008164
141 0.264322 0.315543 0.014750 0.038403
117 0.417700 0.252344 0.008123 0.026913
117 0.408187 0.251285 0.007482 0.026610
83 0.407760 0.300121 0.004917 0.010584
83 0.416845 0.327336 0.006841 0.008164
117 0.418448 0.365891 0.008764 0.027820
83 0.366289 0.405050 0.007054 0.007560
148 0.325887 0.406259 0.017315 0.025098
27 0.186191 0.407620 0.019667 0.011491
5 0.142796 0.404596 0.018811 0.012096
83 0.108593 0.407167 0.006841 0.008164
141 0.237495 0.480950 0.026507 0.020260
76 0.237281 0.521016 0.008123 0.023586
76 0.365541 0.520714 0.008123 0.023586
76 0.107952 0.521923 0.008123 0.023586
83 0.365541 0.555035 0.008978 0.009374
83 0.238136 0.554732 0.008978 0.009374
117 0.271056 0.552616 0.020094 0.011793
132 0.319367 0.553523 0.015819 0.016027
81 0.346516 0.555488 0.006413 0.012700
132 0.307076 0.553976 0.007909 0.013910
83 0.367465 0.619746 0.008978 0.009374
83 0.365327 0.652102 0.005130 0.008164
83 0.366396 0.685667 0.005130 0.008164
148 0.326208 0.652706 0.018811 0.025098
121 0.326528 0.685516 0.018170 0.027820
5 0.187046 0.650741 0.017956 0.012700
83 0.236960 0.650287 0.005344 0.009374
83 0.108700 0.653009 0.005344 0.009374
34 0.109128 0.586332 0.007482 0.025401
152 0.275759 0.836861 0.041471 0.117024
148 0.326101 0.882371 0.019453 0.029634
83 0.366823 0.851073 0.010261 0.013607
83 0.308893 0.884034 0.010261 0.013607
83 0.212056 0.884336 0.010261 0.013607
27 0.229158 0.851376 0.021377 0.009979
117 0.230013 0.914726 0.020522 0.010281
5 0.186725 0.880405 0.019025 0.011793
27 0.144079 0.882976 0.021377 0.013305
132 0.822894 0.383580 0.006199 0.008769
132 0.822467 0.382976 0.006199 0.008769
132 0.824070 0.419413 0.008123 0.012700
132 0.823856 0.451769 0.008123 0.012700
132 0.823215 0.724221 0.008123 0.012700
132 0.822788 0.742062 0.008123 0.012700
5 0.847905 0.416692 0.018170 0.013305
3 0.848440 0.448594 0.021377 0.015422
7 0.716652 0.366042 0.021163 0.014817
117 0.718042 0.399607 0.018384 0.013607
117 0.717614 0.432567 0.018384 0.013607
83 0.753848 0.384185 0.007909 0.008769
83 0.753420 0.399002 0.007909 0.008769
