110 0.319474 0.160004 0.074690 0.049808
10 0.527820 0.158187 0.032356 0.021377
13 0.858784 0.158508 0.053220 0.035699
142 0.539008 0.239953 0.048080 0.021590
52 0.433172 0.302693 0.034170 0.023942
121 0.724070 0.580483 0.033565 0.024156
148 0.724977 0.615113 0.031751 0.022018
123 0.725884 0.662035 0.033565 0.023514
148 0.724524 0.692604 0.037496 0.025652
81 0.725733 0.365006 0.029029 0.022018
81 0.725129 0.388521 0.029029 0.022018
81 0.724826 0.410325 0.029029 0.022018
76 0.390082 0.204681 0.015119 0.023728
76 0.412156 0.204040 0.015119 0.023728
76 0.462655 0.203185 0.015119 0.023728
76 0.485032 0.203185 0.015119 0.023728
76 0.772906 0.337003 0.015119 0.023728
76 0.433323 0.345126 0.015119 0.023728
76 0.174478 0.341706 0.015119 0.023728
44 0.611884 0.145361 0.017236 0.011971
44 0.613093 0.156691 0.017236 0.011971
44 0.611884 0.171227 0.017236 0.011971
44 0.701693 0.229372 0.017236 0.011971
44 0.702601 0.247969 0.017236 0.011971
43 0.602510 0.472531 0.040218 0.031851
135 0.702601 0.141193 0.027517 0.014750
135 0.700484 0.153805 0.027517 0.014750
135 0.701996 0.167914 0.027517 0.014750
34 0.175083 0.399209 0.018143 0.023728
33 0.309797 0.447841 0.037194 0.011543
5 0.425764 0.443886 0.039311 0.013895
117 0.425461 0.472424 0.033263 0.012826
117 0.425461 0.522659 0.033263 0.012826
117 0.425159 0.579521 0.033263 0.012826
117 0.424252 0.612441 0.033263 0.012826
117 0.560931 0.717187 0.033263 0.012826
119 0.310856 0.613831 0.036287 0.010047
119 0.310251 0.662569 0.036287 0.010047
119 0.424252 0.663425 0.036287 0.010047
119 0.561234 0.661928 0.036287 0.010047
116 0.625038 0.778965 0.021772 0.023942
91 0.220441 0.657439 0.042939 0.018598
95 0.561990 0.689611 0.036589 0.014109
117 0.563048 0.408935 0.033263 0.012826
117 0.561536 0.386490 0.033263 0.012826
83 0.389326 0.145575 0.008769 0.006413
83 0.413819 0.171868 0.008769 0.006413
83 0.463411 0.144934 0.008769 0.006413
83 0.487602 0.170586 0.008769 0.006413
83 0.747656 0.144934 0.008769 0.006413
83 0.766405 0.171868 0.008769 0.006413
83 0.769428 0.365113 0.008769 0.006413
83 0.771848 0.388414 0.008769 0.006413
83 0.772150 0.410432 0.008769 0.006413
83 0.433777 0.365113 0.008769 0.006413
83 0.433172 0.387131 0.008769 0.006413
83 0.472483 0.446131 0.008769 0.006413
83 0.379044 0.447413 0.008769 0.006413
83 0.771848 0.473920 0.008769 0.006413
83 0.772452 0.580804 0.008769 0.006413
83 0.772150 0.615006 0.008769 0.006413
83 0.173722 0.447413 0.008769 0.006413
83 0.173118 0.524583 0.008769 0.006413
83 0.174630 0.580376 0.008769 0.006413
83 0.173118 0.614151 0.008769 0.006413
83 0.506350 0.662035 0.008769 0.006413
83 0.504838 0.693459 0.008769 0.006413
83 0.619141 0.693245 0.008769 0.006413
83 0.770336 0.662035 0.008769 0.006413
