123 0.260368 0.234351 0.019667 0.028425
123 0.261223 0.282129 0.019667 0.028425
123 0.260795 0.334140 0.019667 0.028425
123 0.260795 0.381615 0.019667 0.028425
123 0.260795 0.433021 0.019667 0.028425
123 0.259940 0.483520 0.019667 0.028425
123 0.261009 0.533112 0.019667 0.028425
123 0.260581 0.582099 0.019667 0.028425
132 0.109662 0.636831 0.011116 0.012096
132 0.136811 0.639250 0.011116 0.012096
132 0.165883 0.638343 0.011116 0.012096
132 0.295639 0.637738 0.011116 0.012096
132 0.323643 0.638645 0.011116 0.012096
132 0.352715 0.638343 0.011116 0.012096
117 0.215156 0.232537 0.020308 0.014515
117 0.216439 0.281826 0.020308 0.014515
117 0.216011 0.331721 0.020308 0.014515
117 0.215156 0.430602 0.020308 0.014515
117 0.215797 0.381615 0.020308 0.014515
117 0.216011 0.479891 0.020308 0.014515
117 0.215370 0.530692 0.021163 0.015724
117 0.215584 0.579377 0.023301 0.012700
83 0.108380 0.284094 0.008123 0.016631
83 0.351860 0.282280 0.008123 0.016631
83 0.323215 0.382976 0.008123 0.016631
83 0.323001 0.431660 0.008123 0.016631
83 0.323643 0.480042 0.008123 0.016631
83 0.294570 0.582552 0.008123 0.016631
83 0.167165 0.582855 0.008123 0.016631
