76 0.365434 0.521470 0.011757 0.025098
76 0.237174 0.522377 0.011757 0.025098
27 0.185549 0.406259 0.018811 0.013003
117 0.143437 0.406259 0.022659 0.013003
148 0.325887 0.404899 0.018170 0.029634
76 0.192283 0.251134 0.011757 0.025098
76 0.203613 0.250529 0.011757 0.025098
76 0.220714 0.251134 0.011757 0.025098
76 0.230333 0.252344 0.011757 0.025098
110 0.157225 0.183701 0.037837 0.046265
132 0.109128 0.228606 0.010475 0.010281
132 0.108273 0.242818 0.010475 0.010281
83 0.193993 0.170396 0.008337 0.012398
83 0.222424 0.169187 0.008337 0.012398
83 0.202330 0.195797 0.008337 0.012398
83 0.230975 0.195192 0.008337 0.012398
10 0.263788 0.181736 0.019667 0.025401
141 0.264322 0.315996 0.015605 0.035682
141 0.238350 0.481101 0.022232 0.022982
116 0.418876 0.367100 0.011330 0.029634
116 0.418448 0.250076 0.011330 0.029634
116 0.408829 0.252495 0.011330 0.029634
13 0.461522 0.182038 0.019239 0.027215
132 0.437366 0.169489 0.007268 0.010584
132 0.436298 0.180526 0.009406 0.012700
132 0.436725 0.194134 0.009406 0.012700
117 0.342027 0.167372 0.022659 0.013003
117 0.342882 0.196402 0.022659 0.013003
117 0.342454 0.180375 0.022659 0.013003
135 0.385421 0.167070 0.019667 0.014212
135 0.387559 0.178863 0.019667 0.014212
135 0.388200 0.191866 0.019667 0.014212
83 0.406905 0.299063 0.006199 0.012096
83 0.417807 0.327185 0.006199 0.012096
83 0.417379 0.196855 0.006199 0.012096
83 0.407332 0.168733 0.006199 0.012096
83 0.366289 0.407318 0.006199 0.012096
83 0.109342 0.406411 0.006199 0.012096
83 0.236105 0.553069 0.006199 0.012096
83 0.108059 0.650438 0.006199 0.012096
83 0.236960 0.651346 0.006199 0.012096
83 0.366717 0.650741 0.006199 0.012096
83 0.366289 0.686725 0.006199 0.012096
83 0.366503 0.619292 0.006199 0.012096
83 0.365648 0.555488 0.006199 0.012096
121 0.325566 0.683852 0.018811 0.029936
27 0.230333 0.851527 0.019880 0.010886
27 0.143758 0.882371 0.019880 0.010886
76 0.107631 0.520562 0.011757 0.025098
117 0.272125 0.551708 0.022659 0.013003
132 0.306969 0.554279 0.007696 0.012096
132 0.346729 0.552464 0.007696 0.012096
117 0.229158 0.913819 0.020094 0.013305
83 0.365434 0.849864 0.003206 0.011188
83 0.307289 0.884487 0.006199 0.012096
148 0.326528 0.883429 0.017743 0.026913
83 0.211522 0.884487 0.006199 0.012096
81 0.326315 0.554884 0.022445 0.025401
34 0.107738 0.587844 0.010688 0.031448
5 0.186511 0.649834 0.020735 0.013305
5 0.187153 0.881161 0.020735 0.013305
117 0.717401 0.399909 0.020094 0.010584
117 0.717401 0.434382 0.020094 0.010584
5 0.846943 0.416541 0.021377 0.013003
3 0.848653 0.448140 0.019667 0.015724
7 0.717828 0.364832 0.019239 0.010584
83 0.738457 0.433172 0.007054 0.010584
83 0.739098 0.402328 0.007054 0.010584
83 0.752351 0.418053 0.007054 0.010584
83 0.739312 0.382371 0.007054 0.010584
83 0.716866 0.451315 0.007054 0.010584
132 0.823108 0.384941 0.007054 0.011491
132 0.823536 0.418506 0.007054 0.011491
132 0.823108 0.452374 0.007054 0.011491
132 0.823322 0.485334 0.007054 0.011491
132 0.823963 0.536438 0.007054 0.011491
132 0.822894 0.571213 0.007054 0.011491
132 0.822467 0.570608 0.007054 0.011491
132 0.823322 0.587844 0.007054 0.011491
132 0.823108 0.622014 0.007054 0.011491
132 0.822681 0.672513 0.007054 0.011491
132 0.822894 0.708497 0.007054 0.011491
132 0.823749 0.726943 0.007054 0.011491
132 0.823749 0.758391 0.007054 0.011491
132 0.823322 0.776232 0.007054 0.011491
83 0.739098 0.536589 0.007054 0.010584
83 0.800449 0.537496 0.007054 0.010584
83 0.800663 0.485485 0.007054 0.010584
83 0.799380 0.674781 0.007054 0.010584
83 0.799808 0.622770 0.007054 0.010584
1 0.847371 0.483369 0.019239 0.017841
1 0.848226 0.569549 0.019239 0.017841
1 0.847798 0.620351 0.019239 0.017841
1 0.848440 0.703810 0.019239 0.017841
152 0.274476 0.837164 0.044463 0.118839
117 0.801090 0.647868 0.012612 0.026913
43 0.762826 0.595252 0.019025 0.025098
43 0.763681 0.493045 0.019025 0.025098
148 0.326528 0.652253 0.018170 0.029634
