45 0.134673 0.145449 0.044036 0.060478
10 0.282920 0.131690 0.024156 0.025098
44 0.316481 0.131842 0.013895 0.012700
44 0.317336 0.157847 0.013895 0.012700
135 0.344164 0.126550 0.020949 0.011793
135 0.343737 0.156033 0.020094 0.010886
76 0.222317 0.234351 0.008123 0.027215
132 0.417059 0.132900 0.008551 0.012398
132 0.417272 0.161324 0.008551 0.012398
13 0.444207 0.145298 0.028217 0.030541
76 0.232044 0.312670 0.007054 0.026005
81 0.330162 0.337012 0.017315 0.028122
81 0.331231 0.368763 0.017315 0.028122
81 0.316161 0.401421 0.018811 0.028727
117 0.255344 0.367856 0.020308 0.010584
117 0.209277 0.549743 0.023087 0.010886
5 0.209598 0.489870 0.022445 0.015119
5 0.210239 0.518597 0.022445 0.015119
132 0.224134 0.492591 0.007909 0.013305
132 0.170479 0.520562 0.008337 0.013003
132 0.122809 0.520411 0.007482 0.013305
132 0.297456 0.401119 0.008764 0.012398
83 0.352608 0.336559 0.007909 0.010886
83 0.273942 0.368612 0.007909 0.010886
83 0.353677 0.400060 0.007909 0.010886
83 0.238670 0.519806 0.007909 0.010886
83 0.183839 0.519958 0.009406 0.009979
83 0.162569 0.520411 0.007909 0.010886
132 0.690359 0.721046 0.010475 0.011793
132 0.710667 0.720139 0.010475 0.011793
132 0.732044 0.719837 0.010475 0.011793
132 0.812206 0.719534 0.010475 0.011793
132 0.828132 0.721197 0.011116 0.012096
132 0.882749 0.720744 0.010475 0.011793
132 0.898782 0.721349 0.010475 0.011793
132 0.916097 0.721046 0.010475 0.011793
6 0.109128 0.373601 0.007054 0.035379
31 0.142262 0.518143 0.023728 0.011793
33 0.270308 0.520109 0.023728 0.010886
141 0.200513 0.147415 0.016246 0.037799
132 0.753848 0.720441 0.010475 0.011793
132 0.774156 0.721046 0.010475 0.011793
132 0.844805 0.721197 0.011116 0.012096
76 0.240701 0.235863 0.008123 0.027215
83 0.351967 0.365891 0.007909 0.010886
83 0.231830 0.338978 0.007909 0.010886
148 0.331124 0.519655 0.019667 0.026913
132 0.120778 0.181887 0.008551 0.011188
132 0.120137 0.199728 0.008551 0.011188
132 0.332300 0.399909 0.008764 0.012398
