21 0.515177 0.666616 0.011971 0.032356
10 0.600577 0.456758 0.025866 0.087390
78 0.573001 0.439976 0.010902 0.017539
58 0.513467 0.440429 0.011971 0.040218
58 0.525438 0.441185 0.010261 0.041125
58 0.538050 0.442395 0.011543 0.041730
141 0.714729 0.437557 0.014750 0.039311
77 0.698803 0.420774 0.015391 0.010584
77 0.699017 0.437708 0.014536 0.010584
77 0.699017 0.453432 0.014964 0.009979
77 0.774797 0.579982 0.016032 0.010281
77 0.774797 0.595706 0.018598 0.010886
77 0.774583 0.613093 0.016460 0.010584
77 0.774263 0.646356 0.016246 0.009979
77 0.775118 0.663895 0.017956 0.011188
77 0.703720 0.646507 0.015391 0.010281
77 0.704040 0.662836 0.015605 0.009072
141 0.720180 0.654974 0.015391 0.025401
77 0.704147 0.740853 0.016246 0.011491
77 0.703720 0.757635 0.014964 0.010584
77 0.708743 0.806320 0.016460 0.011188
77 0.709064 0.823858 0.017101 0.009979
77 0.709705 0.840036 0.016674 0.011491
77 0.774476 0.740853 0.017956 0.010886
77 0.773514 0.757787 0.016888 0.011491
77 0.567657 0.806320 0.015605 0.009979
77 0.567550 0.824010 0.017101 0.012096
77 0.568726 0.839432 0.018170 0.013910
76 0.764109 0.375718 0.007909 0.024493
76 0.774690 0.376323 0.007696 0.026913
76 0.787302 0.375718 0.008551 0.023889
114 0.817123 0.340943 0.025438 0.035379
14 0.920799 0.367705 0.025011 0.038101
14 0.879863 0.539462 0.022659 0.052011
14 0.876550 0.597067 0.022445 0.045056
14 0.876015 0.654370 0.022232 0.029634
14 0.875588 0.749924 0.022659 0.033263
121 0.825246 0.789084 0.025011 0.032356
123 0.282065 0.677200 0.013040 0.018446
116 0.331766 0.666919 0.010261 0.022679
116 0.356990 0.666163 0.010688 0.022377
116 0.382749 0.666163 0.012185 0.022377
116 0.408615 0.666465 0.012185 0.025401
116 0.457567 0.602963 0.010475 0.022982
116 0.469645 0.603719 0.009406 0.022074
116 0.480975 0.603568 0.009406 0.022377
14 0.457460 0.456002 0.021377 0.031448
116 0.179029 0.496069 0.006627 0.020865
13 0.143010 0.594950 0.013254 0.016631
26 0.088606 0.667523 0.010475 0.025703
26 0.116182 0.667372 0.010902 0.022982
26 0.154339 0.667070 0.009833 0.024191
26 0.184053 0.667372 0.008978 0.022982
26 0.221890 0.667070 0.009406 0.022377
26 0.410004 0.495615 0.006413 0.021772
27 0.124626 0.332628 0.014109 0.009072
27 0.123771 0.363169 0.014109 0.009072
27 0.172296 0.365588 0.014109 0.009072
27 0.227448 0.364983 0.014109 0.009072
27 0.285378 0.364983 0.014109 0.009072
27 0.322574 0.364379 0.014109 0.009072
27 0.401454 0.332023 0.014109 0.009072
27 0.227661 0.242213 0.014109 0.009072
42 0.295532 0.594194 0.017315 0.028425
42 0.354532 0.595706 0.018598 0.025401
58 0.514002 0.199728 0.014322 0.043242
58 0.536982 0.199879 0.013681 0.039915
78 0.574711 0.199577 0.010902 0.016934
151 0.775759 0.236166 0.050876 0.055640
10 0.937366 0.131086 0.023942 0.035984
58 0.526507 0.334442 0.015391 0.047173
116 0.592561 0.336710 0.011116 0.031751
58 0.513360 0.628515 0.008764 0.019655
58 0.524476 0.628515 0.008337 0.020260
58 0.535913 0.629876 0.010261 0.022377
117 0.172189 0.209253 0.015605 0.011491
117 0.227875 0.279407 0.013681 0.011491
117 0.227661 0.209555 0.014536 0.009676
117 0.227982 0.331569 0.013895 0.013607
117 0.228623 0.398549 0.014750 0.010886
117 0.227555 0.426671 0.015177 0.011491
117 0.322894 0.330662 0.013467 0.010584
117 0.270628 0.813880 0.013681 0.010584
117 0.270735 0.865739 0.016032 0.013305
117 0.270628 0.886604 0.014109 0.012700
54 0.172189 0.165860 0.017315 0.010584
54 0.172189 0.243423 0.017315 0.010281
54 0.270735 0.842758 0.015605 0.010886
83 0.098653 0.209102 0.011330 0.019050
83 0.097798 0.243423 0.013040 0.016934
83 0.097264 0.280617 0.011971 0.016934
83 0.097264 0.332930 0.011116 0.013305
83 0.098867 0.427880 0.011757 0.016329
83 0.098119 0.450257 0.010261 0.014515
83 0.178281 0.448140 0.010261 0.015724
83 0.203506 0.466586 0.013254 0.018143
83 0.246687 0.448140 0.011543 0.015724
83 0.260047 0.466586 0.013467 0.013305
83 0.302159 0.399456 0.012185 0.018748
83 0.409577 0.447536 0.009406 0.013305
83 0.420586 0.464923 0.007482 0.011188
83 0.384352 0.333535 0.009833 0.013305
83 0.456926 0.279105 0.005344 0.015119
83 0.456285 0.332325 0.004917 0.009676
83 0.148995 0.334140 0.006841 0.012096
83 0.149637 0.365135 0.008123 0.010584
83 0.266994 0.211067 0.011116 0.012700
83 0.575246 0.180526 0.011116 0.010886
83 0.649102 0.329453 0.008337 0.008769
83 0.661180 0.343665 0.011116 0.011793
83 0.694100 0.330813 0.011116 0.015119
83 0.706392 0.343967 0.007054 0.011188
83 0.717614 0.353039 0.009406 0.010584
83 0.692817 0.294224 0.009406 0.009072
83 0.705216 0.306471 0.007696 0.011793
83 0.764215 0.328546 0.008123 0.013003
83 0.775759 0.342607 0.008123 0.013910
83 0.787623 0.353190 0.007482 0.012096
83 0.762292 0.455398 0.011971 0.015119
83 0.775331 0.437557 0.008978 0.013305
83 0.787195 0.421228 0.008337 0.012096
83 0.824498 0.454188 0.009406 0.013910
83 0.914707 0.423042 0.009833 0.014515
83 0.928816 0.436650 0.011116 0.013910
54 0.172617 0.399758 0.017315 0.010281
148 0.441962 0.166011 0.026293 0.035682
148 0.441321 0.210160 0.025011 0.029634
148 0.440252 0.280314 0.027148 0.032658
148 0.440894 0.331116 0.024156 0.026005
83 0.643972 0.841246 0.012612 0.016934
83 0.657760 0.824614 0.009833 0.011491
83 0.667807 0.807378 0.008551 0.012096
83 0.655836 0.758391 0.010261 0.016329
83 0.668234 0.741155 0.011116 0.014515
83 0.645147 0.663744 0.009406 0.016934
83 0.656691 0.646659 0.007696 0.010584
83 0.645147 0.613547 0.009406 0.013910
83 0.656691 0.596613 0.008551 0.013910
83 0.667379 0.580587 0.008551 0.015724
83 0.819260 0.741609 0.010475 0.014817
83 0.830269 0.758089 0.009406 0.011491
83 0.841492 0.251436 0.007909 0.011793
83 0.841171 0.216964 0.008551 0.013607
83 0.931702 0.234200 0.008337 0.015422
83 0.943352 0.218022 0.008978 0.012700
83 0.942604 0.177956 0.009619 0.015422
54 0.366075 0.365286 0.017315 0.010281
21 0.527255 0.667221 0.010047 0.032356
21 0.539226 0.667523 0.010902 0.031751
153 0.273621 0.776081 0.069688 0.040218
155 0.881573 0.239341 0.063275 0.098881
155 0.863510 0.440883 0.060496 0.079831
156 0.525973 0.880405 0.033989 0.032960
157 0.190787 0.594648 0.017315 0.018446
156 0.779179 0.823556 0.024369 0.050499
154 0.689932 0.240853 0.078025 0.094648
83 0.513895 0.095252 0.009833 0.011491
83 0.525011 0.110674 0.008123 0.013910
83 0.537195 0.127155 0.009406 0.013003
141 0.720180 0.749924 0.015391 0.025401
