7 0.182770 0.190203 0.016674 0.012096
7 0.182770 0.212277 0.016674 0.012096
7 0.182343 0.235863 0.016674 0.012096
88 0.152736 0.215906 0.007909 0.009676
88 0.152950 0.238282 0.007909 0.009676
88 0.206605 0.238887 0.007909 0.009676
88 0.200620 0.716813 0.006627 0.007560
88 0.200620 0.740097 0.006627 0.007560
88 0.175609 0.759450 0.006627 0.007560
88 0.385314 0.396281 0.005772 0.010584
88 0.435336 0.280163 0.005772 0.010584
88 0.469111 0.281675 0.005772 0.010584
88 0.475951 0.234805 0.005772 0.010584
88 0.475951 0.258089 0.005772 0.010584
88 0.476806 0.281373 0.005772 0.010584
88 0.476593 0.302540 0.005772 0.010584
88 0.476165 0.326429 0.005772 0.010584
88 0.475737 0.349108 0.005772 0.010584
88 0.476379 0.371787 0.005772 0.010584
88 0.476379 0.394164 0.005772 0.010584
88 0.475951 0.417750 0.005772 0.010584
43 0.193459 0.637889 0.022659 0.030541
55 0.130291 0.751890 0.034416 0.055337
121 0.407118 0.210614 0.016888 0.011188
121 0.407760 0.256879 0.016888 0.011188
121 0.406905 0.301935 0.016888 0.011188
121 0.406691 0.325219 0.016888 0.011188
121 0.406905 0.347596 0.016888 0.011188
121 0.406263 0.370880 0.016888 0.011188
121 0.407118 0.395071 0.016888 0.011188
121 0.406691 0.415634 0.016888 0.011188
121 0.451368 0.278954 0.016888 0.011188
121 0.453078 0.187632 0.016888 0.011188
29 0.406905 0.234805 0.016460 0.011188
