83 0.237602 0.299214 0.006627 0.006350
83 0.108166 0.298911 0.008978 0.009374
83 0.365434 0.298911 0.008337 0.007560
83 0.366182 0.331116 0.008123 0.008467
83 0.366182 0.497430 0.008123 0.008467
83 0.308038 0.530088 0.008123 0.008467
83 0.212056 0.529181 0.008123 0.008467
27 0.228837 0.497581 0.022018 0.013003
27 0.142262 0.528727 0.022018 0.013003
5 0.186298 0.528727 0.019880 0.014817
117 0.230868 0.563804 0.020522 0.012398
148 0.326101 0.530692 0.018170 0.028425
121 0.325994 0.329755 0.021377 0.028122
5 0.186725 0.295888 0.019880 0.014817
131 0.259085 0.447687 0.007268 0.008769
131 0.289867 0.447082 0.007268 0.008769
131 0.289440 0.462504 0.007268 0.008769
131 0.258871 0.463713 0.007268 0.008769
131 0.259192 0.497581 0.007054 0.007560
131 0.290188 0.497430 0.007482 0.008467
131 0.289761 0.529785 0.007482 0.008467
131 0.260475 0.529181 0.007482 0.008467
148 0.325994 0.298004 0.018811 0.026308
