45 0.134994 0.146205 0.043395 0.054732
76 0.217187 0.198972 0.007696 0.025401
76 0.228303 0.198367 0.007696 0.025401
76 0.250962 0.199274 0.007696 0.025401
76 0.261437 0.198367 0.007696 0.025401
10 0.295746 0.146810 0.019880 0.024493
151 0.334438 0.133505 0.019880 0.009979
151 0.334224 0.144995 0.019880 0.009979
151 0.334224 0.158603 0.020735 0.013003
135 0.361265 0.129574 0.022232 0.013003
135 0.361479 0.141064 0.023514 0.012398
135 0.361907 0.156789 0.025224 0.012398
83 0.417807 0.134109 0.007054 0.009979
83 0.427854 0.159813 0.007054 0.009979
132 0.439290 0.133807 0.008551 0.011188
132 0.439504 0.144995 0.008551 0.011188
132 0.438221 0.159510 0.008551 0.011188
10 0.465156 0.146810 0.029072 0.037194
151 0.333155 0.223314 0.020735 0.013003
151 0.334652 0.248110 0.020735 0.013003
141 0.281317 0.237073 0.014536 0.035682
83 0.216011 0.133202 0.007054 0.009979
83 0.226486 0.161022 0.007054 0.009979
83 0.229906 0.133202 0.007054 0.009979
83 0.240167 0.159813 0.007054 0.009979
141 0.237708 0.351981 0.024369 0.021772
76 0.237174 0.392198 0.008337 0.026005
76 0.130932 0.390082 0.008337 0.026005
6 0.130077 0.451013 0.005772 0.034170
117 0.265284 0.443604 0.021377 0.010886
117 0.265498 0.478984 0.021377 0.010886
81 0.351646 0.415029 0.020094 0.029936
81 0.351432 0.447687 0.020094 0.029936
81 0.351860 0.481857 0.020094 0.029936
81 0.336041 0.512096 0.020094 0.029936
132 0.318726 0.511491 0.009406 0.011793
132 0.351860 0.510281 0.009406 0.011793
83 0.131146 0.415180 0.007909 0.009676
83 0.237174 0.416087 0.007909 0.009676
83 0.237602 0.445721 0.007909 0.009676
83 0.373985 0.415482 0.007909 0.009676
83 0.374198 0.444814 0.007909 0.009676
83 0.375053 0.479589 0.007909 0.009676
83 0.375481 0.510735 0.007909 0.009676
83 0.296601 0.478682 0.007909 0.009676
83 0.374198 0.591170 0.007909 0.009676
83 0.374519 0.678409 0.009833 0.008769
83 0.258978 0.592077 0.007909 0.009676
83 0.184374 0.591473 0.007909 0.009676
83 0.131360 0.590263 0.007909 0.009676
83 0.373771 0.741760 0.007909 0.009676
83 0.260261 0.771999 0.007909 0.009676
83 0.258978 0.741458 0.007909 0.009676
31 0.163638 0.591926 0.023728 0.014817
33 0.289867 0.591926 0.026935 0.016631
117 0.229265 0.619595 0.021163 0.012096
5 0.231509 0.589507 0.027362 0.011793
5 0.229265 0.561385 0.021590 0.013607
148 0.351218 0.590717 0.018811 0.025098
148 0.352715 0.678409 0.018811 0.025098
148 0.351860 0.742213 0.017956 0.026913
148 0.352180 0.772906 0.019453 0.025401
117 0.164386 0.678258 0.022232 0.011491
27 0.258551 0.678107 0.019880 0.012398
27 0.230761 0.743121 0.019880 0.012398
27 0.172830 0.743121 0.019880 0.012398
65 0.138521 0.739190 0.018811 0.017841
117 0.295532 0.803750 0.021163 0.012096
27 0.295319 0.743725 0.019880 0.012398
132 0.144079 0.590868 0.008978 0.015119
132 0.244976 0.563350 0.008978 0.015119
132 0.677854 0.721197 0.008978 0.015119
132 0.699658 0.721802 0.008978 0.015119
132 0.721035 0.721197 0.008978 0.015119
132 0.741984 0.721197 0.008978 0.015119
132 0.811030 0.719988 0.008978 0.015119
132 0.762505 0.721802 0.008978 0.015119
132 0.828345 0.721802 0.008978 0.015119
132 0.843523 0.720593 0.008978 0.015119
132 0.882856 0.719383 0.008978 0.015119
132 0.899743 0.721197 0.008978 0.015119
132 0.914921 0.719988 0.008978 0.015119
76 0.374198 0.388721 0.008764 0.029332
132 0.194741 0.591775 0.008978 0.015119
9 0.295212 0.770638 0.020094 0.014817
83 0.322894 0.773057 0.007054 0.010584
