21 0.726379 0.233595 0.028645 0.032356
21 0.800770 0.233898 0.027790 0.033565
21 0.848119 0.232839 0.025438 0.029634
12 0.718363 0.173118 0.017743 0.022679
12 0.793929 0.173874 0.020949 0.026610
12 0.840423 0.174025 0.017743 0.026308
123 0.705216 0.288177 0.018384 0.025401
123 0.803976 0.287572 0.019239 0.024796
21 0.764964 0.257484 0.022445 0.024493
4 0.701796 0.326126 0.015391 0.031751
4 0.800556 0.327034 0.017956 0.029936
58 0.730013 0.347445 0.014109 0.026005
58 0.828880 0.348201 0.016460 0.028122
89 0.730227 0.405957 0.017101 0.026913
89 0.828666 0.406259 0.017743 0.024493
83 0.718790 0.257484 0.007909 0.010584
83 0.730547 0.257333 0.009619 0.010281
83 0.793929 0.257787 0.008551 0.011188
83 0.829094 0.257787 0.007909 0.013003
83 0.841065 0.257182 0.009192 0.011188
83 0.731082 0.485939 0.008551 0.013305
83 0.804510 0.485485 0.009192 0.012398
83 0.829521 0.485939 0.008337 0.015119
83 0.731082 0.434986 0.033348 0.019655
83 0.829735 0.434986 0.027148 0.018446
83 0.804724 0.568945 0.027576 0.017236
