76 0.230761 0.251890 0.006627 0.026005
76 0.221997 0.252495 0.006627 0.026005
76 0.203078 0.252192 0.008123 0.026610
76 0.193673 0.252495 0.008123 0.026610
10 0.264750 0.222256 0.019880 0.026005
78 0.281424 0.234503 0.008337 0.011793
83 0.220821 0.170245 0.007696 0.010281
83 0.231509 0.194436 0.007696 0.010281
83 0.203292 0.193226 0.007696 0.010281
83 0.193886 0.170396 0.010261 0.010584
110 0.157439 0.180224 0.034416 0.043544
58 0.265391 0.183399 0.013467 0.012398
117 0.341492 0.166616 0.019880 0.010281
141 0.264002 0.314636 0.014109 0.034775
135 0.385314 0.166011 0.014750 0.012096
135 0.385742 0.177200 0.014750 0.012096
135 0.386383 0.190505 0.014750 0.012096
117 0.342133 0.181131 0.019880 0.010281
117 0.342775 0.194436 0.019880 0.010281
116 0.408508 0.250983 0.008978 0.033263
116 0.417914 0.253402 0.008978 0.033263
83 0.406584 0.167523 0.007696 0.010281
83 0.417486 0.195343 0.007696 0.010281
83 0.407225 0.302994 0.007696 0.010281
83 0.418127 0.328394 0.007696 0.010281
132 0.436084 0.169338 0.006413 0.010281
132 0.435656 0.195343 0.006413 0.010281
132 0.436084 0.181131 0.006413 0.010281
13 0.461629 0.181736 0.016032 0.027215
116 0.416845 0.363471 0.008978 0.033263
27 0.180312 0.408074 0.020308 0.011188
117 0.143437 0.403236 0.022659 0.013607
141 0.240274 0.480798 0.023514 0.021167
76 0.109555 0.521470 0.010902 0.022679
76 0.366396 0.522226 0.009833 0.021167
76 0.237067 0.521016 0.009833 0.021167
81 0.326742 0.552011 0.021590 0.025703
83 0.366289 0.405957 0.007482 0.013003
83 0.108700 0.406259 0.007482 0.013003
148 0.326101 0.405957 0.018598 0.024493
83 0.238243 0.555791 0.008764 0.010281
132 0.307610 0.554128 0.008551 0.010584
132 0.346302 0.554430 0.008551 0.009979
117 0.270628 0.552162 0.021377 0.012096
83 0.366182 0.554430 0.005558 0.009979
83 0.365755 0.618839 0.005558 0.009979
83 0.366182 0.653311 0.005558 0.009979
83 0.365755 0.685364 0.005558 0.009979
83 0.236853 0.652706 0.005558 0.009979
83 0.108807 0.651799 0.005558 0.009979
83 0.212484 0.883731 0.005558 0.009979
83 0.365327 0.850771 0.005558 0.009979
83 0.308145 0.884034 0.007482 0.014212
117 0.228730 0.915785 0.018811 0.014212
27 0.230227 0.851678 0.021804 0.014212
27 0.143224 0.883429 0.021804 0.014212
5 0.187046 0.881010 0.020949 0.012398
5 0.186404 0.651194 0.020949 0.012398
148 0.326422 0.881312 0.018811 0.025703
121 0.326208 0.684457 0.019239 0.025098
117 0.783454 0.212731 0.018811 0.015422
117 0.718256 0.399607 0.018811 0.015422
117 0.717828 0.432567 0.018811 0.015422
83 0.752031 0.383883 0.008123 0.010584
83 0.752886 0.399909 0.008123 0.010584
83 0.754382 0.432870 0.008123 0.010584
83 0.781744 0.453130 0.008123 0.010584
83 0.793715 0.416843 0.008123 0.010584
83 0.805900 0.384185 0.008123 0.010584
83 0.791364 0.483973 0.008123 0.010584
83 0.780034 0.502419 0.008123 0.010584
7 0.719111 0.365286 0.020522 0.011491
132 0.823108 0.213638 0.006627 0.012398
132 0.822467 0.246296 0.006627 0.012398
132 0.822681 0.281978 0.006627 0.012398
132 0.823108 0.315240 0.006627 0.012398
132 0.822681 0.349108 0.006627 0.012398
132 0.823108 0.381766 0.006627 0.012398
132 0.821826 0.417145 0.006627 0.012398
132 0.824177 0.451315 0.006627 0.012398
132 0.822467 0.485788 0.006627 0.012398
132 0.823536 0.502117 0.006627 0.012398
132 0.823536 0.535379 0.006627 0.012398
132 0.823108 0.554430 0.006627 0.012398
132 0.823322 0.571364 0.006627 0.012398
132 0.822894 0.587088 0.009192 0.014817
132 0.823749 0.606138 0.009192 0.014817
132 0.823322 0.623375 0.009192 0.014817
132 0.823963 0.642123 0.009192 0.014817
132 0.822253 0.671757 0.009192 0.014817
132 0.823963 0.689900 0.009192 0.014817
5 0.848760 0.313426 0.020735 0.015422
5 0.847905 0.346084 0.020735 0.015422
5 0.847478 0.414726 0.020735 0.015422
3 0.847478 0.449501 0.020735 0.015422
1 0.847584 0.482613 0.022659 0.013305
34 0.108487 0.587390 0.009192 0.027517
148 0.326635 0.651194 0.022232 0.027517
