1 0.138521 0.267161 0.076101 0.058361
6 0.230654 0.266253 0.073963 0.040218
7 0.138307 0.350469 0.077383 0.048987
11 0.230654 0.315694 0.009406 0.012096
11 0.230761 0.394920 0.009192 0.011491
3 0.231295 0.452676 0.072681 0.055035
12 0.138307 0.453281 0.026507 0.018143
13 0.180633 0.490626 0.008978 0.012398
13 0.181060 0.510432 0.008978 0.013305
8 0.266567 0.518143 0.048311 0.042032
7 0.137773 0.557756 0.078025 0.046870
6 0.230654 0.651194 0.073963 0.038403
11 0.230547 0.600847 0.008764 0.011491
7 0.435015 0.272755 0.079521 0.047173
6 0.528003 0.267009 0.074391 0.041125
11 0.528003 0.315845 0.009406 0.011793
12 0.435442 0.374811 0.026507 0.019655
3 0.528431 0.374811 0.071398 0.051104
13 0.477768 0.411702 0.008978 0.013003
13 0.478410 0.431963 0.009406 0.014212
7 0.435229 0.466284 0.078239 0.048382
8 0.562847 0.475658 0.048311 0.042939
3 0.528431 0.567433 0.073108 0.053523
15 0.524904 0.523586 0.006627 0.012398
11 0.527897 0.509525 0.009192 0.011491
11 0.435229 0.619292 0.077383 0.047173
11 0.435442 0.698065 0.076956 0.046265
8 0.563702 0.698669 0.049166 0.047475
11 0.527790 0.662685 0.008978 0.011188
11 0.527683 0.741458 0.009192 0.012096
6 0.528110 0.792259 0.072894 0.039311
6 0.836469 0.265800 0.076956 0.040520
15 0.838606 0.302842 0.005558 0.012398
11 0.836362 0.327941 0.009192 0.013003
8 0.875909 0.351225 0.039119 0.035379
0 0.836896 0.395071 0.079521 0.045661
7 0.744335 0.284397 0.078666 0.051104
3 0.836896 0.474297 0.076528 0.054128
7 0.744442 0.526005 0.076742 0.047475
7 0.743587 0.605836 0.077597 0.047475
11 0.836362 0.570003 0.008764 0.011491
8 0.873878 0.609465 0.044463 0.039008
13 0.786554 0.666616 0.010047 0.017236
6 0.835507 0.698518 0.076315 0.038706
11 0.836362 0.648775 0.009619 0.013003
