1 0.247959 0.174647 0.173571 0.038906
6 0.584518 0.140445 0.164500 0.034630
7 0.444209 0.208209 0.177805 0.039333
0 0.585122 0.274049 0.172966 0.041898
11 0.583762 0.246473 0.013607 0.010261
0 0.583611 0.321398 0.169943 0.039974
0 0.583762 0.371206 0.169035 0.038264
11 0.583459 0.407653 0.014212 0.010261
0 0.583762 0.436191 0.169640 0.036982
3 0.583913 0.484181 0.167523 0.035058
0 0.583157 0.553655 0.168431 0.036768
0 0.582099 0.628794 0.170547 0.039119
0 0.584820 0.678602 0.172362 0.039547
6 0.584366 0.725844 0.164197 0.033561
7 0.582401 0.775545 0.169338 0.036340
