0 0.177747 0.247354 0.046387 0.027820
1 0.177640 0.296190 0.047884 0.028727
2 0.177747 0.345026 0.048525 0.029029
3 0.178602 0.393710 0.051518 0.024796
4 0.178388 0.443756 0.053655 0.030541
5 0.178388 0.492289 0.053655 0.032053
6 0.178281 0.541730 0.053014 0.027517
7 0.177747 0.590868 0.051945 0.025401
8 0.177854 0.639401 0.051304 0.028727
9 0.178174 0.687028 0.023301 0.033263
10 0.177854 0.735712 0.023942 0.030239
11 0.582835 0.247203 0.017743 0.022074
12 0.583048 0.296039 0.023728 0.024796
13 0.582835 0.345026 0.020308 0.026610
14 0.583048 0.393710 0.046387 0.025401
