0 0.204264 0.144506 0.128515 0.031210
1 0.203357 0.194528 0.126701 0.030355
2 0.203205 0.240915 0.125794 0.029500
3 0.205322 0.283775 0.117327 0.029286
3 0.193982 0.331979 0.124887 0.030355
5 0.193529 0.378581 0.128818 0.029927
6 0.197006 0.425609 0.121863 0.029072
7 0.204566 0.471035 0.121863 0.029714
8 0.188539 0.516567 0.057151 0.028003
9 0.191261 0.561244 0.052918 0.027148
10 0.191563 0.608914 0.051708 0.026721
11 0.196402 0.701047 0.036589 0.025438
12 0.195494 0.747755 0.038403 0.020949
13 0.195646 0.793608 0.034472 0.022873
14 0.196855 0.833583 0.136075 0.040829
