6 0.152299 0.784523 0.030551 0.082086
4 0.191773 0.785271 0.025408 0.078880
5 0.235481 0.784844 0.020871 0.052373
5 0.332880 0.784951 0.022686 0.053442
3 0.387477 0.785058 0.043557 0.098546
5 0.443890 0.784416 0.022081 0.052373
0 0.484876 0.785592 0.036298 0.077811
0 0.284180 0.785378 0.034785 0.070971
5 0.315487 0.633711 0.024803 0.052373
20 0.210073 0.784844 0.006957 0.004917
20 0.306110 0.784844 0.006050 0.004062
20 0.349062 0.784630 0.006050 0.004917
20 0.416667 0.784630 0.006957 0.004062
20 0.483969 0.640338 0.005445 0.004062
20 0.508772 0.640552 0.006050 0.004062
20 0.209921 0.633283 0.006050 0.004489
20 0.210073 0.588820 0.005747 0.004062
20 0.770417 0.829094 0.005445 0.004062
19 0.175439 0.784523 0.009679 0.004275
19 0.221567 0.784737 0.009982 0.005130
19 0.264065 0.784416 0.010284 0.005344
19 0.318361 0.784523 0.009982 0.004703
19 0.361010 0.784844 0.010587 0.004489
19 0.429371 0.784844 0.009982 0.004489
19 0.463854 0.784630 0.009982 0.004489
19 0.416364 0.745511 0.007562 0.007909
19 0.348609 0.745618 0.005747 0.008123
19 0.306110 0.745725 0.005445 0.007909
19 0.459770 0.640445 0.010284 0.004275
0 0.725499 0.679564 0.029341 0.061992
20 0.770417 0.679350 0.006050 0.004275
19 0.770720 0.788478 0.006655 0.007482
19 0.806866 0.828987 0.009982 0.005130
19 0.706745 0.829094 0.009982 0.005344
0 0.725197 0.829307 0.029946 0.062206
6 0.824108 0.829094 0.025711 0.082728
25 0.416969 0.727234 0.022081 0.030355
25 0.349062 0.727448 0.021174 0.029500
19 0.706443 0.679564 0.009377 0.005985
19 0.770871 0.639696 0.006957 0.009619
3 0.549758 0.506413 0.043255 0.099615
5 0.599062 0.505665 0.020266 0.052800
0 0.637326 0.505665 0.030248 0.064344
20 0.658802 0.505879 0.006655 0.005772
19 0.720659 0.505451 0.011192 0.007909
19 0.720206 0.428602 0.009074 0.005558
20 0.671204 0.428816 0.006050 0.004275
19 0.617665 0.429350 0.010889 0.005772
19 0.617665 0.505665 0.010889 0.004062
19 0.584997 0.506092 0.009074 0.004917
19 0.523896 0.505772 0.011494 0.005558
19 0.459921 0.505344 0.009982 0.003848
20 0.549758 0.429029 0.006957 0.004703
19 0.604204 0.292967 0.011192 0.007482
20 0.658348 0.292860 0.007562 0.004275
20 0.658500 0.348760 0.006050 0.005772
19 0.603902 0.348867 0.011797 0.006841
22 0.589080 0.193779 0.023291 0.033134
19 0.603902 0.193673 0.009377 0.006413
23 0.587719 0.292860 0.024803 0.015391
22 0.588324 0.349081 0.022989 0.032065
22 0.444041 0.519346 0.022989 0.029286
24 0.443890 0.485143 0.023896 0.013895
25 0.444797 0.640445 0.020871 0.029500
25 0.306715 0.727341 0.021779 0.029286
25 0.770115 0.770415 0.020569 0.029500
25 0.770569 0.621313 0.021476 0.028858
22 0.736086 0.435549 0.022081 0.029286
22 0.737145 0.512826 0.023593 0.029500
28 0.736388 0.414386 0.023291 0.014750
28 0.737145 0.491129 0.024803 0.014750
29 0.444041 0.498290 0.022989 0.013681
