22 0.513460 0.187473 0.023291 0.030782
19 0.529341 0.187580 0.010284 0.005344
20 0.591954 0.286768 0.007864 0.005772
19 0.529038 0.286982 0.009074 0.004062
27 0.512402 0.287302 0.024198 0.014536
22 0.513612 0.342561 0.022989 0.030141
19 0.529492 0.342240 0.011797 0.005130
20 0.593164 0.342133 0.007260 0.004917
22 0.513763 0.486426 0.023291 0.030996
20 0.592861 0.486426 0.006655 0.005772
25 0.513914 0.673151 0.022989 0.029927
19 0.529341 0.673258 0.011494 0.004489
20 0.593013 0.673365 0.008167 0.005130
0 0.203569 0.482257 0.036298 0.070115
5 0.341198 0.624733 0.021174 0.052800
3 0.413642 0.786020 0.044465 0.103035
25 0.443436 0.726806 0.021174 0.030782
5 0.469752 0.784416 0.024198 0.051518
0 0.520417 0.785165 0.034180 0.076956
0 0.647762 0.784951 0.033575 0.070971
0 0.763914 0.785058 0.029341 0.064344
6 0.822595 0.784630 0.028131 0.080590
25 0.790986 0.726593 0.021174 0.029500
19 0.791440 0.744442 0.005747 0.007482
19 0.805505 0.784951 0.009679 0.005985
20 0.790986 0.784523 0.006655 0.006413
19 0.744404 0.784951 0.010889 0.005558
19 0.627344 0.785058 0.010284 0.005772
19 0.498639 0.784523 0.009377 0.006413
19 0.455233 0.784416 0.009074 0.004489
19 0.443134 0.745832 0.008469 0.008978
20 0.443587 0.784523 0.005747 0.005130
25 0.355717 0.727661 0.019964 0.028217
20 0.355566 0.784096 0.006957 0.007696
19 0.387477 0.784630 0.010889 0.005344
19 0.355717 0.745832 0.007864 0.008123
19 0.290381 0.784844 0.009679 0.007054
19 0.247731 0.784310 0.010889 0.007268
20 0.233515 0.784737 0.007260 0.005130
19 0.186177 0.784310 0.011192 0.004703
19 0.202511 0.742732 0.008167 0.007909
4 0.203116 0.784737 0.025106 0.076528
5 0.262402 0.784737 0.020266 0.051732
0 0.311706 0.785058 0.034180 0.069902
6 0.155929 0.784523 0.029341 0.082086
