22 0.576376 0.194100 0.021476 0.029927
27 0.574864 0.293608 0.023896 0.013895
19 0.591047 0.194207 0.008469 0.006199
19 0.590744 0.292967 0.010284 0.004489
20 0.655172 0.293288 0.006050 0.004703
22 0.576376 0.348760 0.020871 0.029286
19 0.591198 0.348867 0.010587 0.005130
20 0.655324 0.348333 0.007562 0.004489
20 0.549758 0.429350 0.006957 0.004917
19 0.612220 0.429778 0.009074 0.005772
5 0.626286 0.429457 0.020266 0.052159
20 0.670296 0.429778 0.007260 0.004917
28 0.795977 0.414707 0.024501 0.014109
22 0.796128 0.436404 0.024803 0.029714
28 0.795523 0.491449 0.023593 0.013254
22 0.795977 0.512933 0.024501 0.030141
19 0.779189 0.506306 0.010889 0.006199
20 0.655172 0.505985 0.007864 0.005558
5 0.592408 0.505985 0.019056 0.050021
0 0.630520 0.506092 0.029946 0.062634
24 0.442377 0.485143 0.023291 0.013467
29 0.442075 0.498397 0.023291 0.013040
22 0.442377 0.519132 0.023291 0.029286
3 0.549607 0.506092 0.044767 0.099401
19 0.523745 0.505665 0.010587 0.004917
19 0.578796 0.505558 0.009982 0.004703
19 0.611766 0.505772 0.010587 0.004703
19 0.458106 0.506199 0.010587 0.003848
19 0.779189 0.429136 0.010889 0.004489
19 0.778433 0.639590 0.005747 0.008551
20 0.777979 0.678816 0.007260 0.005772
19 0.710224 0.679243 0.010889 0.005772
0 0.729129 0.679029 0.030551 0.063061
25 0.777828 0.621206 0.020871 0.029072
25 0.443587 0.640338 0.020871 0.029286
19 0.458409 0.640658 0.009982 0.004275
20 0.482456 0.640445 0.007260 0.005130
25 0.507260 0.640231 0.006050 0.004275
0 0.483364 0.784630 0.033273 0.074177
5 0.443134 0.784844 0.022989 0.052373
25 0.416969 0.726699 0.020871 0.029286
19 0.429522 0.784844 0.010284 0.004489
19 0.462190 0.784630 0.009679 0.004917
20 0.416667 0.784844 0.007562 0.004489
19 0.416969 0.745083 0.006352 0.007909
25 0.773896 0.770735 0.021476 0.029714
19 0.774198 0.788799 0.006352 0.008551
20 0.773745 0.828987 0.007260 0.004275
19 0.805808 0.829307 0.010284 0.005772
19 0.709770 0.828987 0.010587 0.005130
0 0.728675 0.829307 0.030248 0.062634
6 0.822747 0.829521 0.026618 0.084438
5 0.326679 0.632749 0.022384 0.051304
25 0.340744 0.727982 0.024501 0.030996
3 0.386721 0.785271 0.043860 0.100684
19 0.360859 0.784844 0.010284 0.003634
19 0.341198 0.745725 0.007260 0.008764
20 0.341198 0.784630 0.006655 0.004917
0 0.283575 0.784844 0.032365 0.066909
19 0.264217 0.784096 0.013612 0.006413
5 0.235632 0.784523 0.021174 0.051304
20 0.210073 0.784523 0.006957 0.005130
19 0.221869 0.784951 0.009982 0.005558
6 0.155777 0.784844 0.027828 0.081873
19 0.175590 0.784951 0.009982 0.005558
4 0.191924 0.784951 0.025106 0.078666
20 0.209770 0.588713 0.007562 0.005130
20 0.209619 0.632322 0.007864 0.005130
