45 0.134673 0.145449 0.044036 0.060478
83 0.171548 0.134563 0.007909 0.010886
83 0.182236 0.159661 0.007909 0.010886
10 0.273301 0.147112 0.024156 0.025098
44 0.312206 0.133353 0.013895 0.012700
44 0.311779 0.145147 0.013895 0.012700
44 0.312420 0.158452 0.013895 0.012700
135 0.340103 0.129574 0.020949 0.011793
135 0.339675 0.156033 0.020094 0.010886
135 0.339996 0.142123 0.021163 0.010886
76 0.182770 0.219232 0.008123 0.027215
132 0.417059 0.133505 0.008551 0.012398
132 0.416417 0.147717 0.008551 0.012398
132 0.416204 0.159813 0.008551 0.012398
13 0.443566 0.145298 0.028217 0.030541
76 0.083262 0.350469 0.007054 0.026005
76 0.192069 0.351073 0.007054 0.026005
76 0.333155 0.351678 0.007054 0.026005
81 0.310282 0.376928 0.017315 0.028122
81 0.310923 0.408981 0.017315 0.028122
81 0.293608 0.442244 0.017315 0.028122
148 0.310603 0.566223 0.019667 0.026913
121 0.310710 0.532658 0.018170 0.025098
117 0.220928 0.408376 0.020308 0.010584
117 0.184908 0.596311 0.023087 0.010886
5 0.185870 0.535228 0.022445 0.015119
5 0.185442 0.564862 0.022445 0.015119
132 0.201368 0.535531 0.007268 0.016329
132 0.146323 0.565921 0.007054 0.011188
132 0.097264 0.564711 0.006413 0.013003
132 0.276080 0.442849 0.008764 0.012398
83 0.333155 0.376474 0.007909 0.010886
83 0.334224 0.410342 0.007909 0.010886
83 0.310923 0.441185 0.007909 0.010886
83 0.280462 0.567130 0.009833 0.014212
83 0.332941 0.533112 0.007909 0.010886
83 0.214942 0.566979 0.007909 0.010886
83 0.159363 0.565165 0.007909 0.010886
83 0.139055 0.564862 0.007909 0.010886
132 0.637986 0.720744 0.010475 0.011793
132 0.658508 0.719837 0.010475 0.011793
132 0.696345 0.720744 0.010475 0.011793
132 0.716225 0.721651 0.010475 0.011793
132 0.738457 0.722861 0.010475 0.011793
132 0.817764 0.721349 0.010475 0.011793
132 0.835614 0.719383 0.011116 0.012096
132 0.887879 0.720744 0.010475 0.011793
132 0.902629 0.720744 0.010475 0.011793
132 0.919089 0.720441 0.010475 0.011793
6 0.083476 0.415936 0.007054 0.035379
31 0.116610 0.566072 0.022018 0.012096
33 0.248290 0.566677 0.021163 0.010281
141 0.193673 0.314333 0.029072 0.020865
132 0.759833 0.720139 0.010475 0.011793
132 0.780569 0.721046 0.010475 0.011793
132 0.851432 0.720290 0.011116 0.012096
132 0.252993 0.408981 0.008764 0.009374
76 0.182984 0.219232 0.008123 0.027215
76 0.171441 0.220139 0.008123 0.027215
83 0.333155 0.441488 0.007909 0.010886
83 0.193566 0.377079 0.007909 0.010886
116 0.660325 0.641820 0.009833 0.033565
