45 0.135635 0.201391 0.040402 0.055035
132 0.068512 0.188842 0.007909 0.009979
132 0.068298 0.200333 0.007909 0.009979
132 0.068512 0.213940 0.007909 0.009979
83 0.169410 0.187935 0.007054 0.011793
83 0.180847 0.213940 0.006841 0.009374
78 0.214515 0.177956 0.009619 0.016631
10 0.247114 0.203054 0.018811 0.025098
44 0.318405 0.188691 0.015177 0.009676
44 0.318192 0.200786 0.015177 0.009676
44 0.318405 0.250680 0.015177 0.009676
135 0.343630 0.185667 0.019025 0.011491
135 0.343630 0.198065 0.019025 0.011491
135 0.343630 0.211067 0.019025 0.011491
83 0.272552 0.188237 0.006841 0.009374
83 0.284096 0.200937 0.006841 0.009374
83 0.294784 0.214545 0.006841 0.009374
83 0.360838 0.187632 0.006841 0.009374
83 0.371740 0.202449 0.006841 0.009374
83 0.382856 0.215754 0.006841 0.009374
83 0.382428 0.215150 0.006841 0.009374
44 0.317978 0.263683 0.015177 0.009676
44 0.318192 0.277593 0.015177 0.009676
76 0.169731 0.278047 0.008978 0.022074
76 0.181060 0.277139 0.008978 0.022074
124 0.202758 0.200333 0.017315 0.011793
83 0.214729 0.197309 0.007054 0.011793
132 0.417059 0.126852 0.007696 0.011188
132 0.416845 0.151648 0.007696 0.011188
132 0.417272 0.188539 0.007696 0.011188
132 0.417700 0.200937 0.007696 0.011188
132 0.417059 0.214847 0.007696 0.011188
13 0.444528 0.200030 0.025866 0.033565
76 0.083796 0.447687 0.007696 0.027517
132 0.179029 0.594950 0.007054 0.011793
132 0.230761 0.595252 0.007054 0.011793
81 0.304404 0.470971 0.018811 0.029936
81 0.304617 0.503326 0.018811 0.029936
76 0.327383 0.445872 0.006627 0.024493
141 0.192176 0.408527 0.027790 0.022377
76 0.189932 0.446477 0.007482 0.025098
44 0.317978 0.214394 0.015177 0.009676
117 0.572681 0.382068 0.022232 0.008769
117 0.573536 0.413819 0.022232 0.008769
83 0.083796 0.417448 0.006841 0.009374
83 0.190038 0.472483 0.006841 0.009374
83 0.326849 0.417448 0.006841 0.009374
83 0.327918 0.470064 0.006841 0.009374
83 0.326849 0.502419 0.006841 0.009374
117 0.218042 0.501512 0.020094 0.009979
83 0.327490 0.644844 0.006841 0.009374
83 0.327063 0.666919 0.006841 0.009374
83 0.326635 0.666314 0.006841 0.009374
3 0.131787 0.759450 0.023301 0.011793
132 0.110517 0.759601 0.006841 0.010886
132 0.150492 0.760054 0.008978 0.009979
83 0.084010 0.646205 0.007268 0.008467
148 0.825780 0.383429 0.019667 0.027820
121 0.826742 0.352283 0.017315 0.029029
5 0.737602 0.229967 0.026293 0.012398
117 0.736105 0.260054 0.021590 0.010886
117 0.736426 0.324614 0.019239 0.011188
148 0.826742 0.293620 0.019025 0.027215
148 0.796601 0.231176 0.017743 0.026308
148 0.797563 0.262927 0.017101 0.025703
148 0.827063 0.448443 0.017529 0.033868
27 0.831659 0.231479 0.020308 0.009374
27 0.615006 0.231479 0.023514 0.010584
28 0.682984 0.233142 0.023087 0.011491
33 0.566802 0.232235 0.020735 0.011491
132 0.595233 0.231630 0.006627 0.013910
132 0.635421 0.231176 0.006627 0.013003
132 0.662783 0.230874 0.006627 0.013003
132 0.702330 0.230874 0.006627 0.013003
83 0.715477 0.231025 0.008551 0.010886
83 0.715690 0.261566 0.008551 0.010886
83 0.716759 0.295132 0.008551 0.010886
83 0.781103 0.293922 0.008551 0.010886
83 0.756092 0.230420 0.008551 0.010886
83 0.852074 0.232537 0.008551 0.010886
83 0.850577 0.294829 0.008551 0.010886
83 0.851218 0.351376 0.008551 0.010886
83 0.799487 0.384034 0.008551 0.010886
83 0.594057 0.384941 0.008551 0.010886
83 0.547029 0.383429 0.008551 0.010886
83 0.547029 0.414878 0.008551 0.010886
83 0.546601 0.231630 0.008551 0.010886
7 0.084224 0.523889 0.008123 0.031146
26 0.083476 0.694587 0.007909 0.031448
83 0.084224 0.666163 0.007268 0.008467
26 0.570543 0.673118 0.006841 0.035077
26 0.659684 0.671606 0.006841 0.035077
116 0.615327 0.673118 0.008764 0.036891
116 0.711736 0.672513 0.008764 0.036891
116 0.810496 0.674025 0.008764 0.036891
76 0.900705 0.682945 0.011757 0.026913
76 0.922723 0.681131 0.011757 0.026913
132 0.646858 0.544754 0.010261 0.011793
132 0.667593 0.544451 0.010261 0.011793
132 0.699872 0.544451 0.010261 0.011793
132 0.721462 0.543544 0.010261 0.011793
132 0.754382 0.545056 0.010261 0.011793
132 0.776614 0.544451 0.010261 0.011793
132 0.815092 0.544451 0.010261 0.011793
132 0.831338 0.544451 0.010261 0.011793
132 0.848440 0.544149 0.010261 0.011793
132 0.883497 0.544451 0.010261 0.011793
132 0.899102 0.544754 0.010261 0.011793
132 0.916204 0.544149 0.010261 0.011793
132 0.548525 0.751890 0.010261 0.011793
132 0.570971 0.751285 0.010261 0.011793
132 0.593630 0.750076 0.010261 0.011793
132 0.615434 0.750076 0.010261 0.011793
132 0.637452 0.751285 0.010261 0.011793
132 0.660325 0.752495 0.010261 0.011793
132 0.687260 0.751285 0.010261 0.011793
132 0.709491 0.752192 0.010261 0.011793
132 0.739205 0.751890 0.010261 0.011793
132 0.760368 0.751285 0.010261 0.011793
132 0.790509 0.750983 0.010261 0.011793
132 0.810817 0.750378 0.010261 0.011793
132 0.842454 0.751890 0.010261 0.011793
132 0.863403 0.751890 0.010261 0.011793
132 0.901240 0.751285 0.010261 0.011793
132 0.922189 0.750680 0.010261 0.011793
148 0.301838 0.645449 0.022232 0.026308
95 0.736105 0.291352 0.019880 0.012398
117 0.204895 0.643786 0.019453 0.010281
120 0.206071 0.594345 0.020949 0.010584
