45 0.149637 0.147717 0.041898 0.053523
132 0.080804 0.134563 0.010261 0.013305
132 0.080376 0.147263 0.010261 0.013305
132 0.080376 0.158149 0.010261 0.013305
132 0.415776 0.132144 0.010261 0.013305
132 0.415776 0.145449 0.010261 0.013305
132 0.416631 0.159359 0.010261 0.013305
132 0.336469 0.304506 0.010261 0.013305
132 0.351646 0.302691 0.010261 0.013305
132 0.368961 0.303296 0.010261 0.013305
132 0.406798 0.302691 0.010261 0.013305
132 0.422830 0.303901 0.010261 0.013305
132 0.438863 0.303901 0.010261 0.013305
