45 0.134673 0.145449 0.044036 0.060478
83 0.183519 0.132144 0.007909 0.010886
83 0.193352 0.159661 0.007909 0.010886
10 0.275438 0.145600 0.024156 0.025098
44 0.313275 0.133353 0.013895 0.012700
44 0.313061 0.145449 0.013895 0.012700
44 0.313061 0.157847 0.013895 0.012700
135 0.340958 0.129271 0.020949 0.011793
135 0.341599 0.155730 0.020094 0.010886
135 0.341278 0.142425 0.021163 0.010886
76 0.182557 0.213487 0.008123 0.027215
132 0.417059 0.132900 0.008551 0.012398
132 0.417700 0.145903 0.008551 0.012398
132 0.417272 0.161324 0.008551 0.012398
13 0.444207 0.145298 0.028217 0.030541
76 0.072146 0.345630 0.007054 0.026005
76 0.203613 0.346235 0.007054 0.026005
81 0.379329 0.370275 0.017315 0.028122
81 0.379115 0.403236 0.017315 0.028122
81 0.379222 0.436196 0.018811 0.028727
117 0.231616 0.401724 0.020308 0.010584
132 0.608273 0.720139 0.010475 0.011793
132 0.626657 0.721349 0.010475 0.011793
132 0.707033 0.721046 0.010475 0.011793
132 0.727982 0.720139 0.010475 0.011793
132 0.748717 0.720744 0.010475 0.011793
132 0.829521 0.719534 0.010475 0.011793
132 0.845447 0.721197 0.011116 0.012096
132 0.900064 0.720139 0.010475 0.011793
132 0.917165 0.721046 0.010475 0.011793
132 0.934694 0.719232 0.010475 0.011793
6 0.071932 0.404143 0.007054 0.035379
141 0.204147 0.309495 0.029500 0.022074
132 0.769667 0.720139 0.010475 0.011793
132 0.791471 0.721046 0.010475 0.011793
132 0.861265 0.720290 0.011116 0.012096
76 0.194100 0.214394 0.008123 0.027215
83 0.202971 0.370124 0.007909 0.010886
116 0.792860 0.642425 0.009833 0.033565
132 0.070115 0.134865 0.008123 0.012700
132 0.069260 0.146961 0.008123 0.012700
132 0.068833 0.160266 0.008123 0.012700
116 0.783454 0.426822 0.009833 0.033565
132 0.651454 0.720441 0.010475 0.011793
132 0.671868 0.720290 0.011116 0.010886
81 0.378581 0.482764 0.018811 0.028727
132 0.361265 0.437557 0.007268 0.012096
132 0.361372 0.484578 0.007909 0.012398
132 0.395361 0.484276 0.007909 0.012398
132 0.395361 0.436801 0.007909 0.012398
132 0.171975 0.451315 0.007909 0.012398
132 0.105494 0.451315 0.007909 0.012398
76 0.412463 0.347747 0.007054 0.026005
83 0.344485 0.404748 0.006199 0.011793
83 0.344912 0.437406 0.006199 0.011793
83 0.411394 0.371485 0.006199 0.011793
83 0.412249 0.403840 0.006199 0.011793
83 0.412890 0.436196 0.006199 0.011793
83 0.412569 0.485637 0.007268 0.009676
2 0.126443 0.451467 0.022873 0.008467
2 0.149637 0.451467 0.023514 0.008467
5 0.295853 0.601149 0.022232 0.014515
5 0.296494 0.651346 0.022232 0.014515
5 0.297563 0.679165 0.022232 0.014515
33 0.262826 0.684004 0.021163 0.012700
2 0.217187 0.681887 0.023514 0.008467
2 0.160966 0.681887 0.023514 0.008467
2 0.103891 0.681282 0.023514 0.008467
83 0.071932 0.681433 0.006199 0.011188
83 0.119602 0.682340 0.006199 0.011188
83 0.176251 0.681433 0.006199 0.011188
83 0.231830 0.681131 0.006199 0.011188
83 0.279820 0.682189 0.006413 0.011491
83 0.326635 0.681887 0.006413 0.011491
83 0.326422 0.652253 0.006413 0.011491
83 0.325994 0.604173 0.007268 0.012700
83 0.345233 0.682189 0.007268 0.012700
83 0.344592 0.713638 0.007268 0.012700
132 0.089248 0.681131 0.007909 0.011188
132 0.127512 0.681433 0.007909 0.011188
132 0.144186 0.681736 0.007909 0.011188
132 0.183732 0.680829 0.007909 0.011188
132 0.202330 0.680829 0.007909 0.011188
132 0.239525 0.681736 0.007909 0.011188
132 0.311992 0.553220 0.007909 0.011188
132 0.311565 0.603115 0.007909 0.011188
132 0.312206 0.653009 0.007909 0.011188
5 0.297349 0.552767 0.022232 0.014515
117 0.297136 0.711975 0.023514 0.009374
101 0.345233 0.737980 0.007696 0.031146
121 0.378901 0.648624 0.018598 0.026005
148 0.378901 0.682492 0.018598 0.028425
148 0.378901 0.713335 0.018598 0.028425
132 0.360304 0.763078 0.007482 0.010584
132 0.395361 0.763683 0.007909 0.011188
148 0.362869 0.812821 0.018598 0.028425
148 0.379222 0.764439 0.018384 0.026610
83 0.412569 0.649531 0.007268 0.012700
83 0.412569 0.681282 0.007268 0.012700
83 0.412783 0.713638 0.007268 0.012700
83 0.412356 0.764741 0.007268 0.012700
132 0.587965 0.720744 0.010475 0.011793
132 0.587324 0.504838 0.010475 0.011793
132 0.607631 0.505141 0.010475 0.011793
132 0.629222 0.504233 0.010475 0.011793
132 0.671975 0.504536 0.010475 0.011793
132 0.651240 0.504536 0.010475 0.011793
132 0.704681 0.503326 0.010475 0.011793
132 0.726699 0.503326 0.010475 0.011793
132 0.816268 0.504838 0.010475 0.011793
132 0.759406 0.503629 0.010475 0.011793
132 0.780782 0.503024 0.010475 0.011793
132 0.836789 0.504536 0.010475 0.011793
