45 0.151133 0.146659 0.041898 0.055035
44 0.328880 0.133202 0.014750 0.011793
44 0.328880 0.144995 0.014750 0.011793
44 0.328880 0.157998 0.014750 0.011793
132 0.417700 0.133656 0.011543 0.013910
132 0.417272 0.148171 0.011543 0.013910
132 0.418127 0.160871 0.011543 0.013910
76 0.198589 0.214545 0.009833 0.028122
76 0.209705 0.213940 0.009833 0.028122
76 0.112227 0.345479 0.009833 0.028122
76 0.390552 0.347898 0.009833 0.028122
148 0.368747 0.396583 0.018811 0.028122
65 0.201261 0.391745 0.024156 0.021470
132 0.179991 0.396734 0.008978 0.013305
132 0.221676 0.395525 0.008978 0.013305
141 0.220607 0.309344 0.028217 0.019353
83 0.197734 0.133958 0.009833 0.014515
83 0.197307 0.133353 0.009833 0.014515
83 0.209491 0.158754 0.009833 0.014515
116 0.745832 0.664953 0.010261 0.036891
132 0.681381 0.742969 0.009619 0.014515
132 0.701261 0.743877 0.009619 0.014515
132 0.722638 0.743272 0.009619 0.014515
132 0.744228 0.743574 0.009619 0.014515
132 0.781851 0.744481 0.009619 0.014515
132 0.798311 0.743272 0.009619 0.014515
132 0.813702 0.743272 0.009619 0.014515
132 0.853035 0.742062 0.009619 0.014515
132 0.870778 0.742365 0.009619 0.014515
132 0.886169 0.743272 0.009619 0.014515
