45 0.136169 0.145147 0.041471 0.048987
132 0.120457 0.179921 0.006199 0.012096
132 0.119816 0.198669 0.006199 0.012096
132 0.417593 0.132446 0.006199 0.012096
132 0.417165 0.144542 0.006199 0.012096
132 0.417165 0.159661 0.006199 0.012096
10 0.282599 0.145298 0.019667 0.024493
44 0.318298 0.132144 0.011116 0.011491
44 0.318085 0.158149 0.014109 0.012096
44 0.317871 0.144239 0.014109 0.012096
135 0.344057 0.128213 0.018598 0.011491
135 0.344485 0.141518 0.018598 0.011491
135 0.342988 0.155125 0.018598 0.011491
83 0.196451 0.133202 0.009406 0.012398
83 0.229585 0.131388 0.009406 0.012398
83 0.240487 0.157393 0.009406 0.012398
83 0.207781 0.159813 0.009406 0.012398
83 0.397820 0.132598 0.009406 0.012398
83 0.404874 0.158603 0.009406 0.012398
76 0.195917 0.197611 0.007482 0.025703
76 0.207247 0.197006 0.007482 0.025703
76 0.229051 0.197006 0.007482 0.025703
76 0.240594 0.196402 0.007482 0.025703
141 0.294357 0.236770 0.015391 0.037496
44 0.344057 0.223163 0.016032 0.012096
44 0.344271 0.249168 0.016032 0.012096
13 0.442817 0.143937 0.024156 0.033263
141 0.217507 0.322498 0.027576 0.021470
76 0.216652 0.358482 0.007482 0.025703
76 0.109983 0.358482 0.007482 0.025703
76 0.109555 0.357877 0.007482 0.025703
76 0.353677 0.357575 0.007482 0.025703
83 0.216225 0.382976 0.007482 0.009979
83 0.216225 0.414424 0.007482 0.009979
83 0.353249 0.382371 0.007482 0.009979
83 0.353677 0.415029 0.007482 0.009979
83 0.353249 0.447687 0.007482 0.009979
83 0.353891 0.480042 0.007482 0.009979
83 0.108914 0.383278 0.007482 0.009979
117 0.244763 0.412912 0.021804 0.010584
117 0.244549 0.447384 0.021804 0.010584
81 0.331552 0.384034 0.021377 0.028425
81 0.331552 0.414575 0.021377 0.028425
81 0.331338 0.449652 0.021377 0.028425
81 0.314878 0.480496 0.021377 0.028425
6 0.109555 0.414726 0.007054 0.031146
31 0.142262 0.567282 0.024156 0.010281
33 0.268811 0.567433 0.022873 0.009374
5 0.210346 0.564862 0.025652 0.015119
5 0.208636 0.534624 0.023514 0.014515
5 0.210133 0.626852 0.025652 0.015119
117 0.209171 0.596916 0.019880 0.009676
5 0.302052 0.567130 0.022659 0.008769
148 0.330697 0.566828 0.020094 0.028122
121 0.330376 0.679468 0.017743 0.025401
148 0.331018 0.710009 0.016888 0.027215
148 0.331338 0.773662 0.018811 0.026308
148 0.330911 0.804203 0.018811 0.026308
117 0.273942 0.835047 0.021163 0.009979
27 0.208422 0.773208 0.023942 0.012700
27 0.153271 0.774418 0.023942 0.012700
27 0.237281 0.711521 0.023942 0.012700
27 0.236853 0.710916 0.023942 0.012700
117 0.142903 0.709555 0.021163 0.009979
27 0.274904 0.773511 0.023942 0.012700
139 0.273407 0.802238 0.023942 0.014515
132 0.123343 0.566374 0.008551 0.012096
132 0.172082 0.566979 0.008551 0.012096
132 0.248397 0.564862 0.008551 0.012096
132 0.283241 0.566072 0.008551 0.012096
83 0.353035 0.679921 0.009619 0.011793
83 0.353677 0.710463 0.009619 0.011793
83 0.299808 0.708951 0.009619 0.011793
83 0.184374 0.597067 0.009619 0.011793
83 0.183946 0.565921 0.009619 0.011793
83 0.109342 0.566828 0.009619 0.011793
83 0.237174 0.566828 0.009619 0.011793
83 0.275011 0.448896 0.007482 0.009979
132 0.549166 0.491836 0.010688 0.013607
132 0.677426 0.491231 0.010688 0.013607
132 0.584865 0.727094 0.010688 0.013607
132 0.606883 0.726792 0.010688 0.013607
132 0.627191 0.726187 0.010688 0.013607
132 0.650064 0.727396 0.010688 0.013607
132 0.671227 0.726489 0.010688 0.013607
132 0.709705 0.726792 0.010688 0.013607
132 0.728303 0.725582 0.010688 0.013607
132 0.750107 0.725884 0.010688 0.013607
132 0.771697 0.726792 0.010688 0.013607
132 0.771270 0.726187 0.010688 0.013607
132 0.793074 0.727699 0.010688 0.013607
132 0.820009 0.726187 0.010688 0.013607
132 0.836041 0.725582 0.010688 0.013607
132 0.852715 0.726489 0.010688 0.013607
132 0.889055 0.725884 0.010688 0.013607
132 0.904019 0.725582 0.010688 0.013607
132 0.921761 0.727699 0.010688 0.013607
116 0.672937 0.646659 0.011116 0.037194
116 0.599295 0.434382 0.020308 0.013607
83 0.352394 0.772150 0.009619 0.011793
83 0.300663 0.804808 0.009619 0.011793
83 0.238029 0.805413 0.009619 0.011793
83 0.238243 0.773662 0.009619 0.011793
65 0.118213 0.770184 0.018811 0.018143
