45 0.134673 0.145751 0.045319 0.052616
45 0.136811 0.317206 0.045319 0.052616
45 0.134245 0.491080 0.045319 0.052616
45 0.135314 0.662534 0.045319 0.052616
132 0.069474 0.477170 0.008978 0.011491
132 0.069047 0.489568 0.008978 0.011491
132 0.069688 0.503477 0.008978 0.011491
132 0.069047 0.648927 0.008978 0.011491
132 0.069047 0.662232 0.008978 0.011491
132 0.069260 0.675839 0.008978 0.011491
132 0.438221 0.477774 0.008978 0.011491
132 0.438863 0.489870 0.008978 0.011491
132 0.439077 0.504082 0.008978 0.011491
132 0.439077 0.648927 0.008978 0.011491
132 0.438649 0.661022 0.008978 0.011491
132 0.438649 0.674327 0.008978 0.011491
132 0.652736 0.598428 0.007909 0.009676
132 0.668127 0.598428 0.007909 0.009676
132 0.685229 0.599335 0.007909 0.009676
132 0.731189 0.599032 0.007909 0.009676
132 0.747435 0.598428 0.007909 0.009676
132 0.763467 0.598125 0.007909 0.009676
132 0.809000 0.598428 0.007909 0.009676
132 0.826101 0.599032 0.007909 0.009676
132 0.842133 0.598428 0.007909 0.009676
132 0.888948 0.598730 0.007909 0.009676
132 0.903912 0.598428 0.007909 0.009676
132 0.921013 0.597520 0.007909 0.009676
132 0.888307 0.716359 0.007909 0.009676
132 0.905195 0.716964 0.007909 0.009676
132 0.921013 0.716359 0.007909 0.009676
132 0.438863 0.329604 0.008978 0.011491
132 0.438863 0.319020 0.008978 0.011491
132 0.438863 0.306018 0.008978 0.011491
132 0.438435 0.160568 0.008978 0.011491
132 0.438649 0.146054 0.008978 0.011491
132 0.438221 0.133051 0.008978 0.011491
132 0.069474 0.331116 0.008978 0.011491
132 0.069688 0.319020 0.008978 0.011491
132 0.070115 0.305413 0.008978 0.011491
132 0.068405 0.132749 0.008978 0.011491
132 0.068405 0.146356 0.008978 0.011491
132 0.069474 0.160266 0.008978 0.011491
