45 0.151133 0.146507 0.045319 0.068037
76 0.194421 0.199274 0.007909 0.027820
76 0.205323 0.200181 0.007909 0.027820
10 0.272445 0.146205 0.019025 0.023889
44 0.311672 0.133202 0.019239 0.011793
44 0.311244 0.145600 0.019239 0.011793
44 0.311244 0.156789 0.019239 0.011793
135 0.339675 0.129876 0.025224 0.012398
135 0.339461 0.143484 0.025224 0.012398
135 0.338606 0.156486 0.025224 0.012398
132 0.415562 0.132295 0.008551 0.011188
132 0.415562 0.144693 0.008551 0.011188
132 0.415990 0.157696 0.008551 0.011188
13 0.443886 0.143786 0.026293 0.036589
141 0.215904 0.323405 0.027362 0.022679
76 0.214835 0.360145 0.007696 0.023586
76 0.108273 0.361052 0.008337 0.031448
81 0.328987 0.416843 0.017956 0.031751
81 0.329842 0.383580 0.017956 0.031751
81 0.312954 0.451013 0.017529 0.028727
148 0.329628 0.527366 0.020094 0.027215
121 0.329414 0.561234 0.017101 0.027215
33 0.270201 0.529483 0.024369 0.013910
5 0.208102 0.527517 0.023301 0.014212
5 0.207033 0.497883 0.023728 0.014212
132 0.222638 0.500151 0.008764 0.009676
2 0.141727 0.528878 0.025652 0.013910
117 0.209384 0.558512 0.025011 0.009072
6 0.107738 0.418809 0.008123 0.035682
132 0.121740 0.528878 0.008337 0.013910
117 0.242839 0.415634 0.019239 0.007560
76 0.352822 0.359087 0.007482 0.028122
132 0.080911 0.132295 0.009619 0.012398
132 0.081338 0.145903 0.009619 0.012398
132 0.080911 0.159510 0.009619 0.012398
132 0.649850 0.720139 0.009406 0.014212
132 0.670799 0.720744 0.009406 0.014212
132 0.692604 0.720139 0.009406 0.014212
132 0.713980 0.719534 0.009406 0.014212
132 0.735357 0.719534 0.009406 0.014212
132 0.769346 0.720744 0.009406 0.014212
132 0.787302 0.719534 0.009406 0.014212
132 0.802052 0.720744 0.009406 0.014212
132 0.838820 0.720744 0.009406 0.014212
132 0.855066 0.721953 0.009406 0.014212
132 0.871313 0.721349 0.009406 0.014212
83 0.194207 0.133051 0.008764 0.011491
83 0.205964 0.158149 0.008764 0.011491
83 0.215584 0.385848 0.008764 0.011491
83 0.273087 0.417901 0.008764 0.011491
83 0.352180 0.384336 0.008764 0.011491
83 0.351539 0.416994 0.008764 0.011491
83 0.352180 0.451164 0.008764 0.011491
83 0.352608 0.528425 0.006627 0.009979
83 0.300663 0.529029 0.006627 0.009979
83 0.237174 0.529634 0.006627 0.009979
83 0.162997 0.528122 0.006627 0.009979
132 0.170586 0.528727 0.007268 0.011188
