45 0.149637 0.149682 0.044036 0.060478
83 0.185229 0.132749 0.007909 0.010886
83 0.196131 0.159057 0.007909 0.010886
10 0.273301 0.147112 0.024156 0.025098
44 0.312206 0.133353 0.013895 0.012700
44 0.311779 0.145147 0.013895 0.012700
44 0.312420 0.158452 0.013895 0.012700
135 0.339354 0.129271 0.019453 0.011188
135 0.339354 0.156184 0.019453 0.011188
135 0.339141 0.142274 0.019453 0.011188
76 0.184908 0.199123 0.008123 0.026913
76 0.196238 0.199577 0.008123 0.027215
132 0.417059 0.133505 0.008551 0.012398
132 0.416417 0.147717 0.008551 0.012398
132 0.416204 0.159813 0.008551 0.012398
13 0.443566 0.145298 0.028217 0.030541
76 0.094592 0.370124 0.007054 0.026005
76 0.205537 0.370426 0.007054 0.026005
76 0.372702 0.370729 0.007054 0.026005
81 0.348760 0.395676 0.017315 0.028122
81 0.348546 0.428031 0.017315 0.028122
81 0.334438 0.461597 0.017315 0.028122
148 0.348974 0.588146 0.019453 0.025401
121 0.349615 0.620048 0.018170 0.025098
149 0.226058 0.664651 0.031424 0.036891
129 0.291578 0.586483 0.023514 0.014817
117 0.235143 0.426822 0.018384 0.011188
117 0.188756 0.617176 0.023087 0.010886
5 0.188435 0.557303 0.022445 0.015119
5 0.189504 0.585727 0.022445 0.015119
132 0.204361 0.560175 0.006413 0.013003
132 0.151133 0.587088 0.006413 0.013003
132 0.109662 0.586786 0.006413 0.013003
132 0.316161 0.462806 0.006413 0.013003
83 0.372488 0.396129 0.007909 0.010886
83 0.372061 0.427578 0.007909 0.010886
83 0.372061 0.461445 0.007909 0.010886
83 0.319902 0.587542 0.007909 0.010886
83 0.372274 0.587844 0.007909 0.010886
83 0.220286 0.587239 0.007909 0.010886
83 0.162997 0.620502 0.007909 0.010886
83 0.163852 0.587844 0.007909 0.010886
83 0.143330 0.587844 0.007909 0.010886
132 0.079735 0.132900 0.008551 0.012398
132 0.079949 0.146205 0.008551 0.012398
132 0.080162 0.158905 0.008551 0.012398
132 0.630718 0.720744 0.010475 0.011793
132 0.651667 0.721651 0.010475 0.011793
132 0.673472 0.721349 0.010475 0.011793
132 0.694848 0.720441 0.010475 0.011793
132 0.715797 0.721349 0.010475 0.011793
132 0.763681 0.719837 0.010475 0.011793
132 0.784203 0.719837 0.010475 0.011793
132 0.827811 0.721046 0.010475 0.011793
132 0.845767 0.721953 0.010475 0.011793
132 0.862014 0.720441 0.010475 0.011793
132 0.899209 0.720744 0.010475 0.011793
132 0.917165 0.720139 0.010475 0.011793
132 0.932129 0.719534 0.010475 0.011793
6 0.094592 0.427729 0.007054 0.035379
31 0.127726 0.587844 0.022018 0.012096
5 0.253206 0.587542 0.021163 0.010281
141 0.206712 0.331872 0.029072 0.020865
