45 0.134673 0.145449 0.044036 0.060478
83 0.172403 0.131842 0.007909 0.010886
83 0.182236 0.157545 0.007909 0.010886
10 0.273301 0.147112 0.024156 0.025098
44 0.312206 0.133353 0.013895 0.012700
44 0.311779 0.145147 0.013895 0.012700
44 0.312420 0.158452 0.013895 0.012700
135 0.340103 0.129574 0.020949 0.011793
135 0.339675 0.156033 0.020094 0.010886
135 0.339996 0.142123 0.021163 0.010886
76 0.171868 0.218627 0.008123 0.027215
132 0.417059 0.133505 0.008551 0.012398
132 0.416417 0.147717 0.008551 0.012398
132 0.416204 0.159813 0.008551 0.012398
13 0.443566 0.145298 0.028217 0.030541
76 0.083262 0.352283 0.007054 0.026005
76 0.192924 0.351073 0.007054 0.026005
76 0.333369 0.351678 0.007054 0.026005
81 0.309427 0.376625 0.017315 0.028122
81 0.309213 0.407771 0.017315 0.028122
81 0.293929 0.441337 0.018811 0.028727
148 0.310175 0.564106 0.019667 0.026913
121 0.310710 0.532053 0.018170 0.025098
117 0.239739 0.408679 0.020308 0.010584
117 0.185122 0.595706 0.023087 0.010886
5 0.185442 0.535531 0.022445 0.015119
5 0.184801 0.563350 0.022445 0.015119
132 0.200727 0.536135 0.008123 0.013910
132 0.147178 0.565618 0.007054 0.011188
132 0.097371 0.566374 0.007482 0.013305
132 0.275866 0.442244 0.008764 0.012398
83 0.333583 0.377684 0.007909 0.010886
83 0.333796 0.410039 0.007909 0.010886
83 0.310710 0.442093 0.007909 0.010886
83 0.280676 0.564711 0.009833 0.014212
83 0.332193 0.534019 0.007696 0.012700
83 0.215797 0.565467 0.007909 0.010886
83 0.159897 0.564409 0.009406 0.009979
83 0.137773 0.566072 0.007909 0.010886
132 0.619175 0.720441 0.010475 0.011793
132 0.640338 0.721046 0.010475 0.011793
132 0.677961 0.721046 0.010475 0.011793
132 0.697200 0.720139 0.010475 0.011793
132 0.720073 0.720744 0.010475 0.011793
132 0.817764 0.721349 0.010475 0.011793
132 0.835614 0.719383 0.011116 0.012096
132 0.887879 0.720744 0.010475 0.011793
132 0.902629 0.720744 0.010475 0.011793
132 0.919089 0.720441 0.010475 0.011793
6 0.083476 0.414122 0.007054 0.035379
31 0.116182 0.566677 0.022018 0.012096
33 0.249572 0.565467 0.023728 0.010886
141 0.194314 0.313426 0.029500 0.022074
132 0.740808 0.720139 0.010475 0.011793
132 0.762398 0.721046 0.010475 0.011793
132 0.851432 0.720290 0.011116 0.012096
132 0.272873 0.410493 0.008764 0.009374
76 0.182770 0.220139 0.008123 0.027215
83 0.332728 0.442697 0.007909 0.010886
83 0.193779 0.378591 0.007909 0.010886
116 0.642155 0.642728 0.009833 0.033565
