148 0.284096 0.622014 0.021804 0.032053
141 0.502565 0.710916 0.026935 0.041730
82 0.560175 0.716510 0.028003 0.035984
81 0.594912 0.620804 0.016246 0.032053
81 0.614151 0.620804 0.016246 0.032053
26 0.626657 0.749168 0.009192 0.024493
26 0.697413 0.724977 0.009192 0.024493
78 0.639803 0.802086 0.016246 0.015422
14 0.761330 0.823858 0.035699 0.035984
14 0.826956 0.745389 0.026721 0.061687
148 0.696665 0.623526 0.017529 0.033868
148 0.726806 0.623526 0.017529 0.033868
76 0.749786 0.679165 0.009192 0.026610
76 0.773728 0.680375 0.009192 0.026610
14 0.382215 0.823556 0.041043 0.039008
14 0.214835 0.821591 0.037195 0.033868
76 0.203078 0.678561 0.009833 0.027820
76 0.226165 0.679468 0.009833 0.027820
76 0.214408 0.677956 0.009833 0.027820
76 0.370671 0.614152 0.009833 0.027820
76 0.382001 0.614152 0.009833 0.027820
76 0.392048 0.612942 0.009833 0.027820
26 0.284416 0.675083 0.008764 0.023284
26 0.285271 0.724977 0.008764 0.023284
76 0.203506 0.236166 0.009833 0.027820
76 0.215263 0.236166 0.009833 0.027820
76 0.226379 0.236166 0.009833 0.027820
27 0.369923 0.360296 0.018170 0.012398
27 0.369496 0.391140 0.018170 0.012398
27 0.369709 0.422588 0.018170 0.012398
27 0.412890 0.457666 0.018170 0.012398
117 0.412890 0.423647 0.016032 0.019353
117 0.412890 0.391594 0.016032 0.019353
117 0.412890 0.357726 0.016032 0.019353
117 0.413745 0.326278 0.016032 0.019353
13 0.419731 0.211975 0.012185 0.022982
117 0.371419 0.259752 0.016032 0.019353
117 0.371419 0.227094 0.016032 0.019353
117 0.370992 0.194738 0.016032 0.019353
58 0.385635 0.130783 0.013254 0.012398
58 0.384352 0.146810 0.013254 0.012398
58 0.386062 0.164046 0.013254 0.012398
21 0.413638 0.125643 0.025224 0.016631
21 0.412783 0.143181 0.025224 0.016631
21 0.412783 0.159208 0.025224 0.016631
81 0.506734 0.293771 0.024156 0.022074
81 0.506306 0.342455 0.024156 0.022074
117 0.439504 0.536287 0.017101 0.017236
117 0.439077 0.569398 0.015391 0.017539
117 0.323429 0.537799 0.015391 0.015422
117 0.323856 0.554430 0.015391 0.015422
117 0.321932 0.572271 0.015391 0.015422
42 0.543181 0.784094 0.019239 0.026610
77 0.467721 0.638494 0.019239 0.014212
77 0.469004 0.654521 0.019239 0.014212
77 0.467294 0.672664 0.019239 0.014212
117 0.438649 0.553976 0.015391 0.017539
81 0.576101 0.621107 0.016246 0.032053
76 0.750107 0.235712 0.008978 0.028727
76 0.762719 0.235107 0.008978 0.028727
76 0.773621 0.235107 0.008978 0.028727
83 0.203506 0.538706 0.006841 0.011793
83 0.214729 0.555488 0.007054 0.013305
83 0.227234 0.572573 0.009833 0.014212
83 0.203399 0.605987 0.008337 0.014515
83 0.228196 0.639401 0.009619 0.011188
83 0.369282 0.539008 0.007482 0.011793
83 0.381573 0.556244 0.008978 0.011793
83 0.393865 0.573480 0.010047 0.012398
83 0.370885 0.640157 0.010688 0.014515
83 0.380398 0.656637 0.011330 0.010584
83 0.393544 0.672362 0.010688 0.011793
83 0.494656 0.639250 0.011116 0.015119
83 0.506306 0.673420 0.010047 0.015119
83 0.521911 0.657696 0.011757 0.017539
83 0.597264 0.599637 0.008551 0.007257
83 0.615861 0.599940 0.008123 0.007862
83 0.727020 0.596311 0.005130 0.010281
83 0.727234 0.649229 0.007696 0.012096
116 0.639376 0.749320 0.009406 0.024796
83 0.750962 0.598428 0.007696 0.015724
83 0.773514 0.650438 0.007909 0.014515
83 0.773407 0.573632 0.009833 0.017539
83 0.749572 0.539311 0.009619 0.013003
83 0.762292 0.555337 0.009833 0.016027
83 0.774476 0.163139 0.011543 0.014817
83 0.762398 0.145600 0.009619 0.013607
83 0.750107 0.130481 0.009406 0.014817
83 0.227341 0.163290 0.009619 0.013910
83 0.216225 0.147415 0.008764 0.013607
83 0.204147 0.130934 0.008978 0.012096
116 0.698268 0.675083 0.008764 0.024493
