27 0.300663 0.682492 0.016032 0.012096
27 0.300556 0.758391 0.014536 0.011491
27 0.715156 0.292712 0.015177 0.009072
117 0.299594 0.706985 0.013895 0.012096
117 0.300556 0.783036 0.014536 0.013607
117 0.713339 0.421984 0.014536 0.011188
91 0.713980 0.444512 0.020094 0.013305
83 0.751710 0.315996 0.010047 0.013910
83 0.750962 0.361959 0.009833 0.016934
83 0.751924 0.421984 0.013467 0.016027
83 0.751496 0.445268 0.008764 0.011793
83 0.338606 0.710765 0.014964 0.021470
83 0.336469 0.758845 0.013681 0.016027
83 0.337110 0.783338 0.011971 0.011188
83 0.390338 0.255821 0.011116 0.012096
83 0.402950 0.273813 0.008551 0.013607
14 0.394399 0.338222 0.023087 0.039613
14 0.381894 0.794376 0.029714 0.050197
14 0.816375 0.491987 0.026935 0.047173
