117 0.715049 0.197762 0.015391 0.010886
27 0.715263 0.292561 0.014964 0.010584
117 0.715049 0.421681 0.014536 0.010584
27 0.714622 0.469610 0.014536 0.011491
65 0.715584 0.443604 0.020308 0.010886
27 0.300663 0.758542 0.014322 0.009374
27 0.299808 0.682038 0.014322 0.009374
117 0.299914 0.706229 0.013681 0.010584
117 0.300342 0.782431 0.013681 0.010584
83 0.390765 0.256426 0.009406 0.013305
83 0.402095 0.272452 0.008978 0.012700
83 0.276186 0.681585 0.010688 0.015724
83 0.336896 0.707892 0.008551 0.016329
83 0.336575 0.757333 0.008764 0.014212
83 0.337431 0.783338 0.010475 0.017236
83 0.751924 0.291805 0.010047 0.011491
83 0.751389 0.315694 0.008123 0.013305
83 0.751176 0.339885 0.008551 0.010281
83 0.751603 0.361506 0.008978 0.011793
83 0.751283 0.384639 0.007909 0.011491
83 0.751496 0.421984 0.010475 0.014212
83 0.750855 0.444814 0.009192 0.014515
83 0.751283 0.468098 0.007054 0.010886
14 0.395468 0.339129 0.022659 0.039008
14 0.392369 0.798609 0.023301 0.049592
14 0.817016 0.493952 0.021804 0.049894
