117 0.715263 0.412912 0.014109 0.013003
117 0.714835 0.432567 0.014109 0.013003
117 0.715263 0.490626 0.014109 0.013003
83 0.264964 0.302994 0.007909 0.012700
83 0.264750 0.352132 0.011757 0.011188
83 0.265391 0.614908 0.008764 0.013607
83 0.746152 0.413517 0.008764 0.013003
83 0.746580 0.433474 0.007909 0.017236
83 0.745938 0.471575 0.009192 0.011793
10 0.335507 0.335954 0.025438 0.117932
156 0.334865 0.451164 0.025866 0.054430
14 0.336148 0.520562 0.024156 0.057151
14 0.795319 0.197914 0.024583 0.046265
14 0.795319 0.405503 0.023728 0.034472
