116 0.196024 0.146054 0.009406 0.021167
116 0.120351 0.363320 0.006841 0.022074
116 0.196238 0.513154 0.007696 0.022377
116 0.218897 0.513154 0.006413 0.019958
116 0.243694 0.512398 0.007696 0.019655
116 0.383818 0.512398 0.007909 0.019655
116 0.406050 0.511944 0.005772 0.019958
116 0.477661 0.512247 0.009192 0.019958
116 0.499679 0.512549 0.006199 0.020562
116 0.570009 0.512247 0.007482 0.019958
116 0.593844 0.513003 0.005985 0.019655
116 0.664173 0.513003 0.006413 0.019655
116 0.687366 0.513003 0.006199 0.018446
116 0.758764 0.512096 0.008337 0.019655
116 0.783668 0.502268 0.007696 0.018748
116 0.806969 0.503024 0.006413 0.020260
116 0.829628 0.502873 0.008123 0.019353
116 0.851432 0.503175 0.005985 0.019958
116 0.873343 0.504233 0.006199 0.021470
116 0.071505 0.720441 0.008764 0.020865
116 0.097905 0.719837 0.008551 0.021470
62 0.143972 0.368763 0.013040 0.030541
62 0.241022 0.285153 0.007482 0.006048
62 0.334865 0.285455 0.007909 0.006653
62 0.427961 0.285304 0.008123 0.006955
62 0.521484 0.285606 0.007482 0.006955
62 0.708957 0.284850 0.007482 0.006653
62 0.802907 0.285455 0.006841 0.006653
62 0.896430 0.285304 0.007909 0.007560
116 0.476699 0.146810 0.006413 0.019655
116 0.758978 0.147566 0.006199 0.021167
116 0.852287 0.147112 0.006841 0.020865
90 0.569688 0.147112 0.010688 0.024493
42 0.169517 0.311914 0.011543 0.019050
42 0.191749 0.311914 0.011543 0.019050
42 0.213980 0.310705 0.011543 0.019050
42 0.235785 0.310100 0.011543 0.019050
42 0.262933 0.310402 0.011543 0.019050
42 0.285165 0.309797 0.011543 0.019050
42 0.307824 0.311309 0.011543 0.019050
42 0.329628 0.311914 0.011543 0.019050
42 0.357204 0.312217 0.011543 0.019050
42 0.378794 0.311914 0.011543 0.019050
42 0.402309 0.312217 0.011543 0.019050
42 0.423899 0.311612 0.011543 0.019050
42 0.450834 0.312217 0.011543 0.019050
42 0.472852 0.311309 0.011543 0.019050
42 0.494549 0.310402 0.010475 0.019655
42 0.516139 0.311914 0.010475 0.019655
42 0.544570 0.311612 0.010475 0.019655
42 0.566375 0.312217 0.010475 0.019655
42 0.588179 0.312217 0.010475 0.019655
42 0.610410 0.311612 0.010475 0.019655
42 0.637345 0.312217 0.010475 0.019655
42 0.660004 0.311612 0.010475 0.019655
42 0.682022 0.311612 0.010475 0.018446
42 0.703826 0.311309 0.010475 0.018446
42 0.732044 0.311914 0.010475 0.018446
42 0.753634 0.311309 0.010475 0.018446
42 0.776080 0.311612 0.010475 0.018446
42 0.797670 0.311612 0.010475 0.018446
42 0.825673 0.311309 0.010475 0.018446
42 0.847478 0.311309 0.010475 0.018446
42 0.869496 0.311914 0.010475 0.018446
42 0.891513 0.311612 0.010475 0.018446
42 0.169196 0.734351 0.010475 0.019050
42 0.191428 0.732839 0.010475 0.019050
42 0.213232 0.732839 0.010475 0.019050
42 0.235250 0.732537 0.010475 0.019050
42 0.262826 0.733444 0.010475 0.019050
42 0.284844 0.732839 0.010475 0.019050
42 0.306862 0.733747 0.010475 0.019050
42 0.329094 0.733747 0.010475 0.019050
42 0.356883 0.733444 0.010475 0.019050
42 0.378046 0.732537 0.010475 0.019050
42 0.400705 0.733444 0.010475 0.019050
42 0.423792 0.732839 0.010475 0.019050
42 0.450941 0.733747 0.010475 0.019050
42 0.471676 0.733747 0.010475 0.019050
42 0.494763 0.734049 0.010475 0.019050
42 0.516781 0.733747 0.010475 0.019050
42 0.544357 0.734049 0.010475 0.019050
42 0.565947 0.733444 0.010475 0.019050
42 0.588392 0.734049 0.010475 0.019050
42 0.609983 0.733444 0.010475 0.019050
42 0.638200 0.733747 0.010475 0.019050
42 0.659791 0.733444 0.010475 0.019050
42 0.682022 0.734351 0.010475 0.019050
42 0.703826 0.734049 0.010475 0.019050
42 0.731830 0.733444 0.010475 0.019050
42 0.753206 0.733747 0.010475 0.019050
42 0.775438 0.733142 0.010475 0.019050
42 0.797670 0.733142 0.010475 0.019050
42 0.825246 0.733142 0.010475 0.019050
42 0.847264 0.733747 0.010475 0.019050
42 0.869709 0.732839 0.010475 0.019050
42 0.891727 0.733444 0.010475 0.019050
117 0.105601 0.519504 0.015391 0.010886
26 0.172296 0.576504 0.007696 0.020865
26 0.119816 0.709404 0.006199 0.024191
26 0.360304 0.575748 0.007909 0.021167
26 0.453506 0.576504 0.007909 0.019050
26 0.546387 0.576504 0.007268 0.019655
26 0.547456 0.512852 0.006413 0.019958
26 0.640765 0.513759 0.006627 0.020562
26 0.640979 0.582552 0.007482 0.020260
26 0.872488 0.541730 0.006199 0.021470
26 0.872809 0.577109 0.007268 0.020260
83 0.069581 0.745086 0.008764 0.012700
83 0.069153 0.693831 0.007909 0.012398
83 0.069902 0.649380 0.011543 0.014212
83 0.120244 0.649682 0.010902 0.014817
83 0.171120 0.636529 0.010902 0.012096
83 0.195383 0.648473 0.009833 0.013607
83 0.265926 0.636377 0.009833 0.011793
83 0.288906 0.648775 0.010047 0.012398
83 0.359448 0.636075 0.010047 0.012398
83 0.383283 0.650287 0.010688 0.014212
83 0.266032 0.689598 0.010047 0.012398
83 0.171761 0.687935 0.010475 0.009072
83 0.359662 0.688539 0.009619 0.010886
83 0.454895 0.687632 0.011971 0.008467
83 0.453399 0.635470 0.008123 0.009979
83 0.476272 0.649531 0.005985 0.013910
83 0.476272 0.550953 0.005985 0.013910
83 0.382856 0.549743 0.006841 0.008467
83 0.218897 0.550499 0.012398 0.010584
83 0.195917 0.551406 0.007054 0.011793
83 0.218256 0.488207 0.008123 0.011793
83 0.195169 0.487602 0.009406 0.011188
83 0.384032 0.487300 0.010475 0.006350
83 0.475951 0.487753 0.008337 0.009676
83 0.231830 0.437406 0.008337 0.010584
83 0.246900 0.422286 0.009406 0.008164
83 0.333262 0.436498 0.009406 0.009979
83 0.339996 0.421228 0.007909 0.009072
83 0.513574 0.436045 0.007054 0.010281
83 0.527683 0.421530 0.006627 0.008467
83 0.134245 0.520109 0.005985 0.009676
83 0.275118 0.828394 0.010261 0.013607
83 0.483968 0.828394 0.013254 0.011793
83 0.598653 0.831116 0.013467 0.014817
83 0.871419 0.635017 0.007054 0.009072
83 0.757375 0.650136 0.011116 0.012096
83 0.664707 0.650590 0.009619 0.011188
83 0.736960 0.635924 0.010475 0.012700
83 0.640338 0.689295 0.006199 0.010584
83 0.640979 0.636529 0.008764 0.009072
83 0.570436 0.650136 0.008764 0.010281
83 0.546815 0.637285 0.008978 0.009374
83 0.546280 0.688237 0.006627 0.008467
83 0.570864 0.550953 0.007482 0.013305
83 0.664173 0.550348 0.005558 0.010886
83 0.807183 0.560629 0.011116 0.013910
83 0.830483 0.560780 0.012398 0.012398
83 0.806434 0.479589 0.008337 0.011491
83 0.829201 0.478682 0.007696 0.013305
83 0.851432 0.478682 0.007696 0.011491
83 0.872488 0.478682 0.008764 0.010281
83 0.797456 0.278349 0.004917 0.005745
83 0.704361 0.278047 0.007268 0.005141
83 0.735036 0.266707 0.011330 0.012096
83 0.828987 0.213940 0.009833 0.009374
83 0.757375 0.226792 0.011116 0.012096
83 0.734502 0.214394 0.009406 0.008467
83 0.641086 0.265951 0.009833 0.007560
83 0.663745 0.227396 0.008123 0.010886
83 0.640872 0.213789 0.007268 0.008467
83 0.546067 0.266707 0.007054 0.007862
83 0.570650 0.226640 0.007909 0.009979
83 0.547777 0.213638 0.010902 0.008769
83 0.477982 0.227850 0.012398 0.012398
83 0.454147 0.265951 0.007482 0.007560
83 0.453613 0.214091 0.008978 0.009072
83 0.360304 0.266405 0.008764 0.008467
83 0.383177 0.226792 0.009192 0.008467
83 0.359555 0.212882 0.008123 0.008467
83 0.289226 0.226792 0.009833 0.009676
83 0.265819 0.266556 0.007054 0.009374
83 0.265391 0.213789 0.007054 0.008467
83 0.235571 0.278349 0.005558 0.005745
83 0.171548 0.265800 0.009192 0.007862
83 0.195169 0.227548 0.007268 0.008164
83 0.171975 0.214243 0.012185 0.009979
83 0.091278 0.265649 0.008551 0.013003
83 0.069688 0.227850 0.008123 0.007560
83 0.069795 0.420018 0.010475 0.012096
83 0.092347 0.437103 0.008123 0.010584
83 0.118961 0.438010 0.008337 0.010584
83 0.091492 0.520411 0.005130 0.011491
83 0.069795 0.553523 0.008337 0.012398
116 0.120564 0.758845 0.008551 0.022074
148 0.171975 0.666011 0.019453 0.023284
148 0.266246 0.666314 0.019453 0.023284
148 0.360945 0.666919 0.019453 0.023284
148 0.452437 0.666919 0.019453 0.023284
148 0.547777 0.667826 0.019453 0.023284
148 0.639483 0.667221 0.019453 0.023284
148 0.733326 0.668128 0.019453 0.023284
148 0.873771 0.667523 0.019453 0.023284
81 0.906050 0.399305 0.024156 0.031751
148 0.171548 0.245691 0.019453 0.023284
148 0.266888 0.245086 0.019453 0.023284
148 0.358593 0.245691 0.019453 0.023284
148 0.452009 0.245993 0.019453 0.023284
148 0.547349 0.245389 0.019453 0.023284
148 0.641193 0.244784 0.019453 0.023284
148 0.733968 0.245993 0.019453 0.023284
148 0.827383 0.246296 0.019453 0.023284
148 0.070329 0.803750 0.018384 0.026610
148 0.119496 0.804052 0.018384 0.026610
83 0.902629 0.375416 0.008337 0.011793
83 0.461201 0.347445 0.006627 0.009072
81 0.339568 0.398246 0.014750 0.028425
81 0.248397 0.395676 0.022659 0.034775
