117 0.172189 0.208497 0.014322 0.010584
117 0.227768 0.209555 0.014750 0.010886
27 0.227982 0.241609 0.014750 0.009676
27 0.124519 0.332023 0.015177 0.010281
27 0.172296 0.365588 0.014536 0.008467
27 0.227661 0.364227 0.015391 0.008769
27 0.285058 0.366042 0.014322 0.011793
27 0.323001 0.365286 0.015391 0.010281
117 0.227768 0.330511 0.013895 0.011491
117 0.322467 0.330813 0.014322 0.009676
27 0.401560 0.332628 0.013895 0.010281
54 0.172082 0.164953 0.018384 0.009374
54 0.172189 0.243121 0.016460 0.008467
54 0.172617 0.399607 0.015605 0.011188
54 0.366610 0.365135 0.015819 0.012398
54 0.271270 0.843665 0.015819 0.012096
26 0.089141 0.667070 0.009833 0.023586
26 0.115861 0.667826 0.009833 0.022679
26 0.154233 0.668128 0.010047 0.025703
26 0.183839 0.667070 0.008123 0.023586
26 0.221248 0.667070 0.008551 0.024796
26 0.410325 0.495918 0.007909 0.022377
13 0.143544 0.595101 0.014322 0.018143
123 0.280996 0.677956 0.013040 0.018143
116 0.332407 0.667372 0.013254 0.024191
116 0.357097 0.666314 0.011757 0.023889
116 0.382749 0.666616 0.013467 0.024493
116 0.409256 0.667221 0.013040 0.024493
116 0.592240 0.336105 0.011757 0.031751
117 0.228089 0.279256 0.016246 0.008769
117 0.270522 0.815392 0.015605 0.010584
117 0.270522 0.886302 0.014750 0.011491
116 0.456392 0.604475 0.009406 0.024191
116 0.468469 0.604022 0.009192 0.025098
116 0.480440 0.604324 0.010902 0.025703
78 0.571291 0.436650 0.011330 0.014515
77 0.774904 0.646205 0.021377 0.012096
77 0.774476 0.663592 0.020094 0.013607
77 0.773728 0.740248 0.018598 0.012700
77 0.774369 0.757938 0.016460 0.012398
77 0.568085 0.807227 0.017743 0.011793
77 0.568512 0.824010 0.020308 0.013305
77 0.569795 0.839583 0.023728 0.011793
77 0.710239 0.841397 0.021163 0.014212
77 0.708636 0.823707 0.019667 0.012700
77 0.708743 0.806018 0.019453 0.011188
77 0.703506 0.646507 0.014536 0.010886
77 0.703933 0.663139 0.014964 0.011491
77 0.703185 0.741911 0.015177 0.010584
77 0.704040 0.758089 0.014322 0.012096
77 0.775331 0.580284 0.019239 0.010281
77 0.774690 0.596613 0.019239 0.010281
77 0.775331 0.613547 0.019239 0.014515
77 0.698162 0.420774 0.014964 0.010584
77 0.698803 0.437708 0.016246 0.009374
77 0.699230 0.452827 0.014964 0.013607
76 0.763788 0.374962 0.007696 0.024191
76 0.775224 0.375869 0.008337 0.026610
76 0.786982 0.375869 0.007909 0.026005
116 0.179136 0.495313 0.006841 0.024191
117 0.227555 0.426217 0.014750 0.008769
78 0.575032 0.199728 0.012398 0.019050
21 0.514857 0.666314 0.011757 0.033565
21 0.526400 0.667977 0.009619 0.033868
21 0.539333 0.668128 0.013681 0.033565
121 0.825353 0.789084 0.024797 0.032356
141 0.720393 0.654823 0.016674 0.027517
141 0.720180 0.750227 0.016246 0.025401
141 0.716011 0.436801 0.016032 0.040218
14 0.938863 0.353644 0.026507 0.036589
10 0.937687 0.120502 0.026293 0.034775
114 0.817123 0.341397 0.022445 0.034472
42 0.295639 0.594043 0.019239 0.026913
42 0.354104 0.594345 0.017315 0.024493
83 0.096836 0.209404 0.009833 0.016631
83 0.098226 0.242516 0.010902 0.014515
83 0.096836 0.279710 0.012398 0.015724
83 0.098012 0.333384 0.012185 0.013003
83 0.150064 0.333686 0.009406 0.017841
83 0.149850 0.363623 0.010261 0.018446
83 0.097050 0.427124 0.009833 0.013003
83 0.098546 0.448594 0.010261 0.013607
83 0.179243 0.449047 0.013467 0.016934
83 0.201903 0.465376 0.013467 0.013305
83 0.247862 0.448594 0.009619 0.011793
83 0.259726 0.464318 0.012398 0.011188
83 0.302159 0.399153 0.010047 0.010886
83 0.267956 0.209253 0.012612 0.018748
83 0.384139 0.332174 0.007268 0.014212
83 0.456392 0.280314 0.004703 0.012700
83 0.455964 0.330965 0.005130 0.009374
83 0.409363 0.447687 0.008123 0.011188
83 0.421120 0.465074 0.006413 0.013305
83 0.528538 0.418657 0.005772 0.007560
83 0.540616 0.419111 0.005130 0.010281
83 0.571612 0.420018 0.006841 0.006653
83 0.479051 0.645600 0.007268 0.011491
83 0.490915 0.645751 0.005772 0.013003
83 0.245297 0.815392 0.008764 0.013607
83 0.245083 0.842607 0.009192 0.015422
83 0.245297 0.866647 0.009619 0.011491
83 0.296922 0.816601 0.010261 0.013003
83 0.298632 0.843816 0.014536 0.011188
83 0.296601 0.865891 0.009619 0.012398
83 0.644720 0.612337 0.011543 0.015724
83 0.655836 0.596311 0.008123 0.011491
83 0.668662 0.581191 0.008978 0.012700
83 0.657332 0.647415 0.008551 0.015119
83 0.644720 0.663441 0.008978 0.012096
83 0.668876 0.741155 0.010261 0.011491
83 0.655622 0.759147 0.011971 0.013003
83 0.668876 0.809495 0.011971 0.016934
83 0.656263 0.823707 0.010688 0.013910
83 0.645575 0.841851 0.011543 0.015119
83 0.819474 0.744330 0.009192 0.013607
83 0.830590 0.759147 0.004917 0.009374
83 0.574711 0.177653 0.009619 0.011793
83 0.541257 0.177049 0.007268 0.006955
83 0.649102 0.329755 0.008764 0.011188
83 0.660646 0.342758 0.008764 0.010584
83 0.695383 0.328999 0.008978 0.015724
83 0.707888 0.342304 0.007909 0.012700
83 0.720393 0.355912 0.010688 0.014515
83 0.764429 0.328848 0.009833 0.011793
83 0.775866 0.340792 0.007482 0.010886
83 0.788585 0.353493 0.009833 0.010886
83 0.695596 0.294224 0.009406 0.010886
83 0.707247 0.307378 0.008337 0.011793
83 0.842133 0.185818 0.008337 0.011793
83 0.842133 0.218022 0.009192 0.014515
83 0.842133 0.250983 0.007482 0.013910
83 0.930526 0.183852 0.008978 0.015724
83 0.943459 0.201089 0.009619 0.014515
83 0.942390 0.218627 0.007482 0.013305
83 0.932557 0.235259 0.009192 0.015119
83 0.943459 0.163441 0.009619 0.011188
83 0.943886 0.144995 0.008764 0.010584
83 0.934160 0.389023 0.007268 0.013607
83 0.945917 0.403840 0.009406 0.014212
83 0.934374 0.420018 0.008551 0.015119
83 0.946131 0.437557 0.008123 0.015119
83 0.787409 0.421228 0.007482 0.012700
83 0.775759 0.437557 0.009406 0.013910
83 0.764002 0.453583 0.009833 0.010886
83 0.839889 0.455095 0.013681 0.018748
151 0.775118 0.234956 0.051304 0.053825
58 0.513040 0.627155 0.008123 0.017539
58 0.524797 0.628062 0.008123 0.017539
58 0.535913 0.628364 0.008123 0.017539
58 0.525545 0.332325 0.015177 0.039311
58 0.512505 0.199879 0.014750 0.042939
58 0.536233 0.198669 0.014750 0.037496
58 0.538478 0.442395 0.013254 0.042939
117 0.270949 0.864832 0.014750 0.011491
58 0.525652 0.442395 0.013254 0.042939
58 0.512398 0.443000 0.013254 0.042939
14 0.877619 0.537647 0.025438 0.046568
14 0.877191 0.595706 0.025438 0.046568
14 0.875909 0.654370 0.025438 0.046568
14 0.875481 0.752041 0.025438 0.046568
10 0.599615 0.456910 0.023942 0.094345
14 0.457140 0.454793 0.022445 0.033868
148 0.441962 0.329604 0.015605 0.031448
148 0.441321 0.278500 0.016032 0.029029
148 0.441535 0.209858 0.016460 0.027820
148 0.441962 0.164197 0.015605 0.029634
154 0.691855 0.238131 0.074177 0.093438
156 0.525652 0.882673 0.032493 0.027820
157 0.189932 0.595101 0.015605 0.018143
27 0.228089 0.398095 0.015391 0.008769
155 0.881573 0.225582 0.064558 0.119746
155 0.884032 0.432870 0.063061 0.127306
156 0.778431 0.823707 0.024156 0.049592
