53 0.175823 0.200333 0.007054 0.026308
53 0.199444 0.200484 0.007696 0.026610
53 0.245190 0.201391 0.007696 0.028425
83 0.198482 0.180829 0.007482 0.010886
83 0.244976 0.181131 0.008123 0.010281
83 0.245083 0.159057 0.007482 0.013305
83 0.339461 0.183852 0.006841 0.012096
83 0.198162 0.255519 0.007268 0.010886
83 0.198375 0.320381 0.006841 0.012398
83 0.244442 0.319776 0.007054 0.013607
83 0.199337 0.424554 0.010047 0.010281
83 0.245083 0.424856 0.009619 0.010886
26 0.199017 0.346084 0.008123 0.020865
26 0.244015 0.346538 0.005344 0.020562
117 0.370457 0.182945 0.014964 0.008467
117 0.370244 0.206380 0.014536 0.010584
116 0.198696 0.288025 0.007482 0.020260
59 0.187153 0.398397 0.007482 0.019655
59 0.255985 0.398700 0.007482 0.020260
54 0.724348 0.192622 0.016032 0.011491
54 0.724027 0.290747 0.015391 0.011793
117 0.675502 0.223314 0.014536 0.010584
117 0.675395 0.323405 0.015177 0.014212
27 0.675502 0.192924 0.014536 0.012096
27 0.675609 0.291200 0.014750 0.009676
117 0.724348 0.322649 0.013895 0.010886
5 0.675502 0.385848 0.014536 0.013910
117 0.766032 0.192773 0.015177 0.014212
83 0.799273 0.194285 0.011543 0.019050
83 0.799380 0.290898 0.016460 0.015119
83 0.635635 0.323254 0.008337 0.015724
83 0.635635 0.225884 0.009619 0.018143
26 0.276614 0.721953 0.008123 0.020865
117 0.333903 0.642274 0.014964 0.008467
77 0.226699 0.642728 0.019025 0.011793
77 0.225096 0.806169 0.020949 0.013305
117 0.332835 0.803901 0.016674 0.009979
83 0.276507 0.644844 0.010902 0.011793
90 0.275973 0.673269 0.010688 0.024493
83 0.276186 0.805715 0.008551 0.011793
117 0.724669 0.224221 0.014536 0.010584
81 0.675075 0.446175 0.029072 0.034170
120 0.675823 0.404748 0.023728 0.011793
14 0.435229 0.730723 0.024369 0.189598
14 0.136276 0.719988 0.030569 0.189900
14 0.133711 0.290445 0.025438 0.286362
