123 0.641727 0.315089 0.019667 0.028425
123 0.747114 0.308739 0.020949 0.028425
124 0.664386 0.389779 0.015391 0.028425
124 0.768918 0.382220 0.015819 0.029634
89 0.663745 0.442849 0.018384 0.024493
89 0.769132 0.442849 0.018811 0.024493
83 0.665348 0.292259 0.010902 0.017236
83 0.731616 0.292864 0.007482 0.016027
83 0.769132 0.291654 0.011116 0.014817
83 0.665990 0.519655 0.012185 0.019050
83 0.713873 0.521470 0.009619 0.013003
83 0.770522 0.521167 0.011757 0.019655
83 0.665348 0.470668 0.012612 0.016027
83 0.770735 0.471273 0.012185 0.017236
83 0.714087 0.570759 0.010047 0.011793
21 0.739846 0.262474 0.026507 0.033263
83 0.732471 0.238434 0.010047 0.012398
