116 0.195596 0.146961 0.008978 0.020562
42 0.169624 0.311763 0.011330 0.018748
42 0.191321 0.311461 0.010688 0.018748
42 0.213767 0.311158 0.010688 0.019353
42 0.235678 0.311763 0.010475 0.019958
42 0.263040 0.312065 0.010047 0.017539
42 0.284951 0.311461 0.011543 0.019353
42 0.306969 0.311461 0.011116 0.018748
42 0.328987 0.311763 0.010261 0.019958
42 0.356883 0.311461 0.011330 0.017539
42 0.378581 0.311158 0.011543 0.018143
42 0.401133 0.311309 0.010902 0.019050
42 0.422403 0.311158 0.010261 0.016934
42 0.450513 0.311763 0.010475 0.019958
42 0.472531 0.311309 0.010475 0.019655
42 0.494763 0.311309 0.010047 0.017236
42 0.516246 0.310705 0.011543 0.020260
42 0.544357 0.311309 0.011330 0.017841
42 0.566268 0.311461 0.010261 0.019958
42 0.588499 0.311612 0.011116 0.019655
42 0.610624 0.311612 0.010475 0.019655
42 0.638093 0.311763 0.011543 0.018143
42 0.660111 0.311007 0.010261 0.018446
42 0.682343 0.311309 0.010261 0.019050
42 0.704361 0.311007 0.011116 0.018446
42 0.731830 0.311612 0.010902 0.018446
42 0.753955 0.311158 0.011116 0.019353
42 0.776080 0.311612 0.010902 0.018446
42 0.798311 0.311612 0.010475 0.019050
42 0.825566 0.311914 0.011543 0.019655
42 0.847691 0.311007 0.011757 0.018446
42 0.869816 0.311461 0.010688 0.019353
42 0.891407 0.311914 0.010261 0.019655
62 0.803335 0.285002 0.006841 0.007560
62 0.896644 0.284397 0.008764 0.009374
62 0.709598 0.285153 0.007909 0.007862
62 0.522125 0.285455 0.008764 0.007862
62 0.427961 0.285757 0.008978 0.006653
62 0.334224 0.285153 0.008337 0.007257
62 0.240915 0.285153 0.008551 0.007257
62 0.144079 0.368158 0.008978 0.025098
116 0.120457 0.368007 0.006199 0.024191
116 0.477020 0.146961 0.007054 0.021772
90 0.570864 0.146507 0.008337 0.026913
116 0.759085 0.146507 0.007696 0.022074
116 0.852822 0.147112 0.008764 0.020260
117 0.105494 0.519655 0.013895 0.013003
116 0.196238 0.511642 0.008978 0.020562
116 0.217614 0.512549 0.009406 0.019353
116 0.243053 0.512398 0.006841 0.019050
116 0.071719 0.719837 0.009619 0.020260
116 0.097798 0.720290 0.009192 0.021772
116 0.120671 0.758845 0.008764 0.022679
26 0.172189 0.577109 0.006627 0.020865
26 0.120137 0.710916 0.008123 0.022982
26 0.359555 0.577563 0.006413 0.021772
26 0.453185 0.577260 0.006841 0.021167
116 0.383497 0.512700 0.009833 0.019655
116 0.405943 0.511793 0.007696 0.019655
116 0.476806 0.512700 0.008764 0.019655
116 0.500321 0.511642 0.007054 0.020562
26 0.547242 0.512852 0.006413 0.021772
26 0.546708 0.576958 0.004917 0.024796
26 0.641300 0.512700 0.007696 0.021470
26 0.641193 0.577260 0.007909 0.022982
26 0.883177 0.540067 0.007482 0.021167
26 0.884032 0.576656 0.007909 0.021167
116 0.570115 0.512549 0.007696 0.020562
116 0.663852 0.512398 0.007054 0.019050
116 0.687473 0.512852 0.006413 0.019958
116 0.758016 0.512247 0.008978 0.018748
116 0.795105 0.502570 0.006627 0.020562
116 0.817764 0.502419 0.007909 0.019655
116 0.840851 0.502721 0.006627 0.020260
116 0.862121 0.503175 0.005985 0.021167
116 0.884459 0.504385 0.007054 0.019958
117 0.876015 0.381615 0.014964 0.009676
42 0.169303 0.733293 0.011543 0.019353
42 0.191321 0.733898 0.011116 0.018748
42 0.213339 0.733444 0.010261 0.019050
42 0.235357 0.734351 0.009833 0.019655
42 0.263467 0.733293 0.010902 0.019353
42 0.285378 0.733595 0.010688 0.018143
42 0.306862 0.734351 0.010475 0.019655
42 0.329414 0.734200 0.011543 0.019353
42 0.356670 0.734654 0.010902 0.018446
42 0.378687 0.734200 0.011757 0.017539
42 0.401133 0.734351 0.010047 0.019655
42 0.422617 0.734805 0.011116 0.019958
42 0.450727 0.734049 0.011330 0.018446
42 0.472852 0.733898 0.011116 0.018748
42 0.495083 0.734200 0.010261 0.019353
42 0.516460 0.733595 0.011116 0.019353
42 0.543822 0.733898 0.011543 0.018143
42 0.566161 0.734351 0.011330 0.019655
42 0.588606 0.734351 0.010902 0.019655
42 0.610304 0.735107 0.011116 0.019353
42 0.638521 0.734200 0.011116 0.019353
42 0.659577 0.734200 0.010902 0.021772
42 0.682343 0.733444 0.010688 0.019655
42 0.704147 0.733293 0.011543 0.019353
42 0.731616 0.734049 0.012185 0.018446
42 0.754062 0.733293 0.012185 0.019353
42 0.776400 0.734200 0.011116 0.019353
42 0.797991 0.732991 0.011116 0.019353
42 0.826635 0.734200 0.011116 0.019353
42 0.847584 0.733293 0.011116 0.019353
42 0.869816 0.732991 0.011116 0.019353
42 0.890979 0.733747 0.010688 0.019050
83 0.069795 0.745389 0.009619 0.012700
83 0.120030 0.824614 0.009192 0.010281
83 0.275224 0.832477 0.010047 0.015119
83 0.070543 0.647566 0.012826 0.016027
83 0.070222 0.694890 0.009619 0.015724
83 0.120030 0.648473 0.009192 0.013607
83 0.171655 0.634109 0.008978 0.010886
83 0.195703 0.649078 0.010047 0.013607
83 0.171868 0.689900 0.010688 0.008769
83 0.266567 0.688842 0.007696 0.010886
83 0.265712 0.635319 0.008978 0.009676
83 0.288906 0.649380 0.008337 0.011793
83 0.360304 0.635773 0.008764 0.009979
83 0.383283 0.649834 0.011116 0.010886
83 0.484395 0.833686 0.009406 0.015724
83 0.454040 0.688993 0.007696 0.009374
83 0.454147 0.635621 0.010475 0.011491
83 0.477341 0.649531 0.006841 0.009072
83 0.546815 0.635621 0.006841 0.010281
83 0.546922 0.688539 0.007054 0.009676
83 0.570222 0.648775 0.007482 0.010584
83 0.598760 0.834140 0.008551 0.011793
83 0.640445 0.635470 0.006413 0.009374
83 0.640765 0.688842 0.006627 0.009072
83 0.663425 0.649078 0.006627 0.010584
83 0.734609 0.635621 0.007482 0.009676
83 0.757482 0.648775 0.007482 0.013003
83 0.734288 0.688388 0.009406 0.009374
83 0.883711 0.635924 0.007268 0.008467
83 0.817016 0.559722 0.008978 0.012096
83 0.840851 0.559722 0.010047 0.012096
83 0.883283 0.560175 0.005985 0.006350
83 0.663959 0.550348 0.005130 0.009676
83 0.664386 0.489265 0.007696 0.009072
83 0.570864 0.549894 0.007482 0.011793
83 0.570115 0.489416 0.007696 0.008769
83 0.476806 0.551104 0.006627 0.009979
83 0.476165 0.488207 0.008337 0.006955
83 0.382642 0.487602 0.008978 0.006955
83 0.382642 0.551406 0.005985 0.011793
83 0.195383 0.551104 0.006413 0.011793
83 0.219218 0.550953 0.010902 0.012700
83 0.218256 0.489114 0.007696 0.011188
83 0.194741 0.488509 0.008978 0.007560
83 0.231723 0.438161 0.007268 0.010886
83 0.333583 0.435894 0.008764 0.009979
83 0.340744 0.419565 0.009833 0.009979
83 0.246794 0.422135 0.011330 0.010281
83 0.513681 0.437254 0.007696 0.009072
83 0.527041 0.422135 0.009619 0.010281
83 0.462270 0.347898 0.008337 0.010584
83 0.069474 0.554430 0.008978 0.014212
83 0.134887 0.521318 0.007696 0.010886
83 0.070650 0.422891 0.011330 0.012398
83 0.092240 0.438464 0.007482 0.013305
83 0.119923 0.438010 0.007268 0.011793
83 0.091920 0.521318 0.006841 0.012096
83 0.120244 0.343060 0.007909 0.013003
83 0.092988 0.265195 0.009406 0.014515
83 0.069795 0.226792 0.008764 0.014515
83 0.172189 0.266707 0.007054 0.010281
83 0.172510 0.213487 0.007696 0.009676
83 0.195490 0.226792 0.008764 0.011491
83 0.265284 0.213789 0.006841 0.013305
83 0.288692 0.226187 0.007909 0.011491
83 0.266032 0.266858 0.007909 0.008769
83 0.360090 0.212579 0.009192 0.008467
83 0.358914 0.265346 0.012398 0.009979
83 0.382642 0.228304 0.010688 0.012096
83 0.454147 0.214545 0.009192 0.013003
83 0.476486 0.228606 0.009406 0.012096
83 0.546601 0.213789 0.007696 0.009072
83 0.570436 0.227396 0.008337 0.011491
83 0.546601 0.267463 0.008123 0.009979
83 0.640979 0.213487 0.008337 0.009676
83 0.665242 0.226943 0.013254 0.010584
83 0.639803 0.266707 0.012398 0.011491
83 0.733433 0.265800 0.009833 0.008467
83 0.734823 0.213487 0.011330 0.007257
83 0.757802 0.226640 0.011116 0.010584
83 0.828239 0.213789 0.009192 0.009072
83 0.901560 0.382976 0.006199 0.007560
83 0.817550 0.478682 0.007909 0.008467
83 0.840530 0.477774 0.007268 0.009676
83 0.862121 0.478379 0.008551 0.010886
83 0.883818 0.478682 0.008337 0.010886
148 0.172510 0.667675 0.020094 0.024796
148 0.266353 0.667372 0.019239 0.025401
148 0.360624 0.667675 0.019239 0.025401
83 0.359555 0.689144 0.007268 0.010281
148 0.452971 0.667070 0.019239 0.025401
148 0.546601 0.666465 0.019239 0.025401
148 0.641086 0.665860 0.019239 0.025401
148 0.735143 0.666767 0.019239 0.025401
148 0.882001 0.670396 0.019239 0.025401
148 0.069688 0.802238 0.020094 0.024796
148 0.120351 0.801633 0.020094 0.024796
148 0.173151 0.243725 0.020094 0.024796
148 0.266139 0.244633 0.020094 0.024796
148 0.360838 0.244935 0.020094 0.024796
148 0.453826 0.243423 0.020094 0.024796
148 0.546387 0.245237 0.020094 0.024796
148 0.640445 0.246145 0.020094 0.024796
148 0.734929 0.246145 0.020094 0.024796
148 0.827277 0.246447 0.020094 0.024796
81 0.904339 0.406259 0.024583 0.033565
81 0.525866 0.397339 0.018811 0.032658
81 0.338820 0.395222 0.018811 0.032658
81 0.247328 0.397037 0.018811 0.032658
14 0.083796 0.176293 0.044463 0.038101
