27 0.456819 0.600393 0.014109 0.012398
27 0.398675 0.664651 0.016674 0.009676
27 0.459812 0.664651 0.016674 0.009676
132 0.579307 0.757938 0.018384 0.008769
132 0.575139 0.732839 0.036982 0.008769
83 0.263254 0.462504 0.013040 0.015422
83 0.264964 0.528576 0.013040 0.017539
83 0.264857 0.571061 0.014109 0.018446
83 0.264322 0.618839 0.013040 0.019655
140 0.410111 0.452223 0.077170 0.049289
5 0.456499 0.524796 0.018598 0.014817
26 0.423258 0.381464 0.006841 0.020865
14 0.311992 0.311461 0.028858 0.058663
156 0.231616 0.214545 0.028003 0.075900
14 0.411821 0.851678 0.027148 0.046870
