156 0.227555 0.214545 0.025011 0.076504
14 0.311458 0.311158 0.024797 0.070154
116 0.423578 0.381312 0.007909 0.022982
140 0.408935 0.460387 0.068405 0.065014
5 0.456712 0.525098 0.016460 0.017236
27 0.456819 0.599184 0.016246 0.011188
27 0.398461 0.663895 0.016246 0.011188
27 0.459171 0.662988 0.016246 0.011188
132 0.575887 0.758694 0.033348 0.009676
132 0.575887 0.732386 0.033348 0.009676
83 0.264322 0.464923 0.016032 0.020865
83 0.264322 0.528273 0.018598 0.028425
83 0.264964 0.568037 0.014750 0.020865
83 0.264002 0.623223 0.012826 0.021772
14 0.410325 0.848050 0.024583 0.046265
83 0.423685 0.399909 0.007268 0.008769
