10 0.334652 0.336105 0.025011 0.115815
156 0.335293 0.450862 0.024156 0.050197
14 0.334117 0.522226 0.026080 0.055035
83 0.267208 0.614454 0.008978 0.014515
83 0.267315 0.713335 0.012185 0.015724
83 0.264750 0.351981 0.008337 0.013910
83 0.265498 0.304506 0.009833 0.013910
14 0.795425 0.197309 0.023514 0.032960
14 0.795639 0.403840 0.023514 0.032960
117 0.717721 0.412458 0.014322 0.012700
117 0.718149 0.432114 0.014322 0.012700
117 0.718363 0.490475 0.014322 0.012700
120 0.675609 0.715603 0.007482 0.023284
120 0.675182 0.782885 0.007482 0.024796
78 0.713767 0.816752 0.012398 0.014515
78 0.712377 0.750529 0.012185 0.012096
