14 0.082835 0.174781 0.036554 0.041730
116 0.195596 0.146659 0.008978 0.020562
83 0.069902 0.226792 0.011543 0.015119
148 0.171120 0.245691 0.016460 0.021470
148 0.170693 0.245086 0.016460 0.021470
148 0.265391 0.245389 0.016460 0.021470
148 0.359021 0.246296 0.016460 0.021470
148 0.452223 0.245691 0.016460 0.021470
148 0.546922 0.245691 0.016460 0.021470
148 0.640552 0.246296 0.016460 0.021470
148 0.734609 0.246296 0.016460 0.021470
148 0.827811 0.246296 0.016460 0.021470
116 0.851967 0.146659 0.008764 0.019958
116 0.475524 0.147263 0.008764 0.019958
90 0.570222 0.146507 0.010047 0.022679
116 0.757696 0.145751 0.008764 0.019958
116 0.120351 0.359238 0.006413 0.020562
62 0.144827 0.369368 0.011330 0.032356
42 0.169196 0.312217 0.012185 0.020260
42 0.191428 0.311914 0.010902 0.019655
42 0.213873 0.311309 0.010902 0.019655
42 0.235464 0.310402 0.010902 0.019655
42 0.262826 0.312217 0.010902 0.019655
42 0.285058 0.311612 0.010902 0.019655
42 0.307503 0.312217 0.010902 0.019655
42 0.329094 0.311612 0.010902 0.019655
42 0.356883 0.311309 0.010902 0.019655
42 0.379115 0.312217 0.010902 0.019655
42 0.400919 0.311612 0.010902 0.019655
42 0.422937 0.311007 0.010902 0.019655
42 0.450727 0.311612 0.010902 0.019655
42 0.472531 0.311914 0.010902 0.019655
42 0.494763 0.311007 0.010902 0.019655
42 0.494335 0.310402 0.010902 0.019655
42 0.516567 0.310705 0.010902 0.019655
42 0.543929 0.311007 0.010902 0.019655
42 0.565947 0.312217 0.010902 0.019655
42 0.588820 0.311914 0.010902 0.019655
42 0.610838 0.312217 0.010902 0.019655
42 0.682450 0.310402 0.010902 0.019655
42 0.660218 0.311309 0.010902 0.019655
42 0.637345 0.311914 0.010902 0.019655
42 0.704254 0.311007 0.010902 0.019655
42 0.732044 0.310705 0.010902 0.019655
42 0.753634 0.311612 0.010902 0.019655
42 0.776080 0.312217 0.010902 0.019655
42 0.797884 0.311612 0.010902 0.019655
42 0.825673 0.312217 0.010902 0.019655
42 0.847264 0.311914 0.010902 0.019655
42 0.869923 0.311309 0.010902 0.019655
42 0.891513 0.311309 0.010902 0.019655
62 0.802907 0.285153 0.009406 0.009072
62 0.709064 0.285455 0.009406 0.009072
62 0.521804 0.285757 0.009406 0.009072
62 0.427533 0.285153 0.009406 0.009072
62 0.334545 0.284548 0.009406 0.009072
62 0.240487 0.284850 0.009406 0.009072
81 0.249572 0.399758 0.025011 0.030844
81 0.339889 0.399758 0.013681 0.032053
117 0.105280 0.519806 0.014750 0.011491
116 0.195810 0.513154 0.006413 0.020562
116 0.218683 0.512549 0.006413 0.020562
116 0.243266 0.512247 0.006413 0.020562
26 0.172403 0.576807 0.008337 0.019655
26 0.360304 0.577412 0.008337 0.019655
116 0.383283 0.512247 0.006413 0.020562
116 0.406156 0.511642 0.006413 0.020562
26 0.454147 0.576807 0.008337 0.019655
116 0.476913 0.511944 0.006413 0.020562
116 0.499679 0.512700 0.006199 0.020260
26 0.547349 0.512700 0.008337 0.019655
26 0.546601 0.576807 0.006841 0.019655
116 0.570222 0.511793 0.006199 0.020260
116 0.593737 0.511944 0.005772 0.020562
81 0.526507 0.397641 0.017529 0.031448
81 0.901881 0.400212 0.015391 0.034170
26 0.640658 0.576504 0.006841 0.019655
26 0.640658 0.514817 0.006841 0.019655
116 0.664280 0.513456 0.005772 0.020562
116 0.687366 0.511944 0.005772 0.020562
116 0.758123 0.514363 0.005772 0.020562
116 0.784416 0.503326 0.005772 0.019655
116 0.807717 0.502117 0.007482 0.020260
116 0.830162 0.503024 0.007482 0.020260
116 0.851539 0.501814 0.007482 0.020260
116 0.873985 0.502419 0.007482 0.020260
26 0.872381 0.577714 0.006841 0.019655
26 0.871954 0.542334 0.006841 0.019655
26 0.119816 0.711067 0.008337 0.019655
116 0.097584 0.718778 0.007909 0.020562
116 0.071612 0.719686 0.008978 0.021167
148 0.171441 0.667826 0.017956 0.022679
148 0.266781 0.667221 0.017956 0.022679
148 0.359555 0.668128 0.017956 0.022679
148 0.452971 0.667523 0.017956 0.022679
148 0.547029 0.667826 0.017956 0.022679
148 0.641086 0.668431 0.017956 0.022679
148 0.735143 0.668431 0.017956 0.022679
148 0.872595 0.668431 0.017956 0.022679
42 0.169196 0.734351 0.012185 0.020260
148 0.069047 0.801179 0.017956 0.022679
148 0.120564 0.802086 0.017956 0.022679
42 0.191214 0.734654 0.012185 0.020260
42 0.213232 0.734351 0.011330 0.019655
42 0.235571 0.734049 0.010261 0.019655
42 0.262505 0.733444 0.010261 0.019655
42 0.284951 0.733444 0.010261 0.019655
42 0.306541 0.734351 0.010261 0.019655
42 0.329414 0.733747 0.010261 0.019655
42 0.356990 0.734049 0.010261 0.019655
42 0.378581 0.733747 0.010261 0.019655
42 0.400385 0.733142 0.010261 0.019655
42 0.422403 0.733747 0.010261 0.019655
42 0.450406 0.734049 0.010261 0.019655
42 0.472638 0.733444 0.010261 0.019655
42 0.494656 0.734049 0.010261 0.019655
42 0.517315 0.734049 0.010261 0.019655
42 0.543608 0.733444 0.010261 0.019655
42 0.565626 0.733444 0.010261 0.019655
42 0.588072 0.734351 0.010261 0.019655
42 0.609876 0.734351 0.010261 0.019655
42 0.638307 0.734351 0.010261 0.019655
42 0.659897 0.734351 0.010261 0.019655
42 0.681274 0.734049 0.010261 0.019655
42 0.703078 0.734654 0.010261 0.019655
42 0.731082 0.734654 0.010261 0.019655
42 0.753527 0.733444 0.010261 0.019655
42 0.776400 0.733444 0.010261 0.019655
42 0.797349 0.733444 0.010261 0.019655
42 0.825353 0.733747 0.010261 0.019655
42 0.847371 0.733142 0.010261 0.019655
42 0.869175 0.733142 0.010261 0.019655
42 0.891193 0.733142 0.010261 0.019655
83 0.069047 0.420321 0.012398 0.019958
83 0.091706 0.437708 0.010688 0.016631
83 0.070115 0.554430 0.015819 0.016027
83 0.069474 0.649078 0.012398 0.014212
83 0.070115 0.693529 0.013681 0.016027
83 0.120992 0.651497 0.014109 0.019050
83 0.171334 0.634261 0.010047 0.011793
83 0.120671 0.436650 0.011330 0.017539
83 0.231295 0.437708 0.009406 0.016631
83 0.246473 0.422286 0.010688 0.008164
83 0.332300 0.436650 0.007482 0.010281
83 0.339461 0.421681 0.006841 0.006955
83 0.382535 0.487753 0.008764 0.009072
83 0.476165 0.487602 0.006627 0.008769
83 0.513147 0.436045 0.008764 0.011491
83 0.527255 0.421681 0.008764 0.008769
83 0.902629 0.375567 0.009619 0.010886
83 0.901881 0.292259 0.005985 0.005745
62 0.896109 0.283943 0.009406 0.009072
83 0.827918 0.213033 0.008551 0.014212
83 0.757482 0.227396 0.009619 0.009072
117 0.876336 0.375416 0.014322 0.013607
117 0.806434 0.477472 0.010047 0.010886
117 0.828880 0.478984 0.010047 0.010886
117 0.850470 0.479286 0.010047 0.010886
117 0.870778 0.478077 0.010047 0.010886
117 0.871419 0.523133 0.005344 0.009072
117 0.828452 0.559722 0.010047 0.010886
117 0.806434 0.557907 0.010047 0.010886
83 0.094057 0.265497 0.011543 0.015119
83 0.120564 0.341246 0.011116 0.009374
83 0.171227 0.265497 0.010688 0.009072
83 0.195596 0.227396 0.010688 0.009072
83 0.172937 0.213487 0.010688 0.009072
83 0.265071 0.214091 0.010688 0.009072
83 0.265712 0.265497 0.010688 0.009072
83 0.288585 0.227094 0.010688 0.009072
83 0.359555 0.213184 0.010688 0.009072
83 0.359555 0.265195 0.010688 0.009072
83 0.382428 0.226489 0.010688 0.009072
83 0.453826 0.213487 0.010688 0.009072
83 0.476165 0.226640 0.007482 0.011793
83 0.452437 0.267463 0.007482 0.011793
83 0.546708 0.213335 0.007482 0.011793
83 0.546922 0.265649 0.007482 0.011793
83 0.569581 0.226338 0.007482 0.011793
83 0.640338 0.214243 0.007482 0.011793
83 0.663211 0.225431 0.007482 0.011793
83 0.640552 0.265951 0.007482 0.011793
83 0.734181 0.213335 0.009619 0.009979
83 0.734181 0.266858 0.006627 0.009374
83 0.194955 0.487904 0.007268 0.006350
83 0.218363 0.488509 0.006199 0.010584
83 0.195169 0.550499 0.004703 0.008164
83 0.218363 0.551104 0.007909 0.011188
83 0.195490 0.648019 0.009192 0.011491
83 0.266139 0.636831 0.008978 0.013305
83 0.289119 0.648624 0.009192 0.011491
83 0.359342 0.635621 0.008978 0.011491
83 0.383390 0.648775 0.012185 0.013003
83 0.452971 0.635319 0.008978 0.009676
83 0.475844 0.648473 0.009406 0.009979
83 0.546708 0.636529 0.008337 0.010281
83 0.570757 0.648473 0.009833 0.013003
83 0.569047 0.549743 0.005985 0.012096
83 0.640552 0.635470 0.006627 0.010584
83 0.663959 0.648624 0.007696 0.011491
83 0.735143 0.636529 0.009406 0.009676
83 0.758337 0.648624 0.009192 0.013305
83 0.872381 0.635621 0.007268 0.011491
83 0.599615 0.830511 0.011116 0.017841
83 0.483647 0.829755 0.012612 0.016329
83 0.274904 0.831267 0.014964 0.017539
83 0.070222 0.745540 0.008764 0.015422
116 0.121099 0.758240 0.010475 0.020865
83 0.172189 0.688842 0.010047 0.010886
83 0.265819 0.690656 0.011757 0.017539
83 0.360731 0.690656 0.010475 0.013305
83 0.454575 0.690051 0.010902 0.012096
83 0.548739 0.688993 0.011971 0.014212
83 0.640872 0.690051 0.009406 0.010886
83 0.735464 0.689447 0.008764 0.010886
83 0.569688 0.489265 0.008978 0.009676
83 0.663852 0.489265 0.008337 0.012096
