54 0.172937 0.166011 0.020094 0.009676
54 0.172617 0.244330 0.019025 0.010281
54 0.172189 0.398549 0.018170 0.010281
54 0.365755 0.364530 0.020522 0.010584
27 0.126229 0.335500 0.025011 0.016027
27 0.172617 0.365437 0.016460 0.009979
27 0.227341 0.365588 0.016032 0.009676
27 0.285165 0.366344 0.014964 0.011793
27 0.322681 0.367100 0.017743 0.013305
27 0.401774 0.333233 0.019025 0.011491
27 0.228837 0.243423 0.019453 0.013305
26 0.088606 0.667977 0.010047 0.024796
26 0.116182 0.666465 0.009192 0.025401
26 0.154233 0.667977 0.010902 0.026610
26 0.184160 0.667070 0.010047 0.025401
26 0.222531 0.666465 0.010688 0.025401
123 0.282065 0.677653 0.013467 0.018143
26 0.409791 0.495464 0.007268 0.022074
13 0.143010 0.595101 0.014536 0.016934
117 0.227127 0.331872 0.016032 0.013607
117 0.227982 0.277442 0.016032 0.013607
117 0.227875 0.426368 0.017101 0.010281
117 0.228516 0.399002 0.017101 0.012398
117 0.172617 0.208951 0.016460 0.014515
117 0.227875 0.209253 0.014536 0.011491
83 0.097905 0.333686 0.007696 0.016027
83 0.097691 0.425764 0.008123 0.013305
83 0.098012 0.448896 0.011330 0.014212
83 0.178816 0.448443 0.010047 0.013305
83 0.202544 0.466435 0.012185 0.018446
83 0.248504 0.447989 0.010475 0.014212
83 0.258978 0.465679 0.008764 0.011491
83 0.302907 0.399607 0.008978 0.016027
83 0.409684 0.447838 0.008764 0.013305
83 0.421441 0.464167 0.007909 0.015724
116 0.592775 0.337164 0.015391 0.035682
78 0.571612 0.435742 0.014109 0.016329
78 0.574818 0.199123 0.012826 0.018446
116 0.331979 0.667070 0.012398 0.028425
116 0.357097 0.667826 0.013040 0.026308
116 0.382856 0.666314 0.013254 0.025703
116 0.408829 0.667372 0.012185 0.026005
21 0.514857 0.667372 0.013895 0.034472
21 0.528003 0.667675 0.009833 0.033868
21 0.539012 0.667675 0.010475 0.033868
117 0.270949 0.813577 0.014322 0.010584
54 0.270842 0.843060 0.016674 0.013910
117 0.270949 0.864983 0.015177 0.010584
117 0.270201 0.885848 0.014964 0.009374
83 0.245511 0.816601 0.008337 0.013607
83 0.245725 0.842455 0.009192 0.013305
83 0.246152 0.867402 0.008337 0.014212
83 0.296922 0.815392 0.007696 0.014212
83 0.296922 0.842607 0.009833 0.018446
83 0.296922 0.867251 0.009833 0.016934
42 0.295746 0.595555 0.017315 0.029332
42 0.354532 0.594497 0.018170 0.027820
116 0.457033 0.604173 0.011971 0.025401
116 0.468897 0.604022 0.009192 0.023889
116 0.480333 0.604929 0.009406 0.025703
77 0.568512 0.806320 0.021163 0.010584
77 0.566588 0.823858 0.021590 0.013003
77 0.567978 0.840036 0.023942 0.012096
77 0.709705 0.806169 0.019239 0.012096
77 0.709064 0.823405 0.019239 0.012096
77 0.709171 0.841548 0.017743 0.016934
77 0.775331 0.579528 0.020522 0.010584
77 0.775866 0.597369 0.020735 0.013607
77 0.776400 0.613396 0.020094 0.011793
10 0.936511 0.146961 0.025652 0.038101
14 0.920479 0.367251 0.028217 0.035379
114 0.816802 0.341699 0.026080 0.038101
76 0.764750 0.377079 0.010047 0.025401
76 0.775545 0.377079 0.008978 0.025401
76 0.787088 0.377230 0.008123 0.027517
77 0.699765 0.421228 0.015605 0.010886
77 0.699444 0.437859 0.014964 0.013910
77 0.699230 0.452676 0.015391 0.010281
83 0.529179 0.418960 0.005344 0.010584
83 0.541364 0.420321 0.006199 0.011491
83 0.571184 0.419716 0.005130 0.004838
83 0.456499 0.332023 0.005772 0.015119
83 0.456071 0.278954 0.005344 0.013607
83 0.479051 0.646054 0.006841 0.013003
83 0.491022 0.648171 0.008978 0.016027
83 0.511650 0.645298 0.007909 0.008467
83 0.523194 0.644239 0.006627 0.009374
77 0.704040 0.757938 0.014750 0.010584
77 0.703613 0.741458 0.016032 0.010886
77 0.774690 0.740550 0.017956 0.012700
77 0.773301 0.757938 0.016460 0.012398
77 0.773407 0.663441 0.016674 0.012700
77 0.773621 0.645751 0.016246 0.010584
77 0.704147 0.646507 0.015819 0.010281
77 0.704147 0.662685 0.014536 0.008769
121 0.825353 0.790898 0.024369 0.039613
83 0.268170 0.209858 0.012612 0.017539
83 0.098119 0.211370 0.011116 0.019958
83 0.098119 0.243121 0.013254 0.015724
83 0.097157 0.279407 0.007909 0.014515
116 0.179457 0.494708 0.007909 0.023586
117 0.322146 0.330813 0.015391 0.010886
83 0.841813 0.218174 0.009406 0.015422
83 0.841706 0.250832 0.008337 0.014212
83 0.931915 0.234049 0.008337 0.015724
83 0.943459 0.218022 0.008337 0.013910
83 0.942817 0.179165 0.008764 0.013003
83 0.513895 0.094497 0.008123 0.009374
83 0.525224 0.111884 0.008551 0.011491
83 0.537409 0.127003 0.008551 0.013305
83 0.540509 0.178712 0.005772 0.007257
83 0.575139 0.178712 0.009192 0.010886
83 0.649637 0.330209 0.007696 0.011491
83 0.660432 0.342607 0.007482 0.010281
83 0.695062 0.294829 0.009192 0.011491
83 0.707140 0.307529 0.008123 0.012096
83 0.695596 0.330057 0.008123 0.014212
83 0.707140 0.342455 0.008551 0.014212
83 0.718790 0.353644 0.007909 0.013607
83 0.764215 0.329150 0.008123 0.012398
83 0.775438 0.342304 0.007054 0.011491
83 0.786661 0.353946 0.008551 0.011793
83 0.916097 0.419413 0.007054 0.014515
83 0.926999 0.437406 0.008337 0.012398
83 0.825353 0.453886 0.007268 0.014515
83 0.787623 0.421530 0.007482 0.012700
83 0.775973 0.438766 0.008123 0.012096
83 0.763895 0.453432 0.007054 0.011793
83 0.820115 0.742213 0.011757 0.017236
83 0.830697 0.758694 0.007696 0.007257
83 0.667593 0.807076 0.007268 0.009676
83 0.656263 0.824161 0.006841 0.009979
83 0.645041 0.840792 0.007909 0.009979
83 0.656263 0.758089 0.008123 0.009072
83 0.668021 0.741458 0.008123 0.010281
83 0.645041 0.665407 0.007909 0.013003
83 0.656050 0.647112 0.007268 0.009676
83 0.644613 0.614303 0.011330 0.011188
83 0.656370 0.598276 0.007909 0.013003
83 0.668341 0.579831 0.010902 0.013607
141 0.719859 0.656033 0.014750 0.022679
141 0.719324 0.750529 0.013681 0.022982
141 0.715263 0.438161 0.014536 0.038101
10 0.600043 0.456910 0.023514 0.084064
14 0.880398 0.540067 0.021163 0.050197
14 0.875053 0.595404 0.022445 0.047173
14 0.875588 0.656335 0.023942 0.034775
155 0.863510 0.444663 0.060068 0.071666
155 0.881146 0.240550 0.064130 0.087995
151 0.775866 0.235259 0.053228 0.056849
154 0.692390 0.239643 0.071826 0.091624
58 0.512719 0.626399 0.008337 0.016027
58 0.523407 0.626247 0.009619 0.016329
58 0.535271 0.626399 0.009406 0.016027
58 0.513147 0.438766 0.011330 0.036287
58 0.525011 0.439371 0.009833 0.038706
58 0.536127 0.439673 0.009833 0.038706
58 0.525545 0.334291 0.013467 0.046870
58 0.513681 0.199577 0.012398 0.042939
58 0.535913 0.197762 0.011971 0.039915
157 0.190252 0.595101 0.014964 0.015119
153 0.273728 0.774569 0.073322 0.042637
156 0.527790 0.881615 0.035485 0.027517
156 0.778752 0.825673 0.024369 0.048685
14 0.876443 0.749773 0.023514 0.032960
148 0.441642 0.165860 0.015391 0.028122
148 0.442711 0.210009 0.015391 0.028122
148 0.441855 0.280163 0.015391 0.028122
148 0.441855 0.333989 0.015391 0.028122
14 0.456285 0.456002 0.023301 0.032053
