26 0.423685 0.381917 0.007696 0.020562
27 0.456819 0.599637 0.014964 0.008467
27 0.398461 0.665709 0.016246 0.009374
27 0.459598 0.664197 0.017101 0.010584
132 0.576315 0.757787 0.040188 0.009676
132 0.580697 0.731630 0.042540 0.008769
83 0.265391 0.624887 0.014750 0.028727
83 0.263360 0.566677 0.011543 0.022982
83 0.264536 0.529785 0.014750 0.021772
83 0.265926 0.462655 0.015819 0.019353
5 0.457033 0.525401 0.017529 0.014212
140 0.412463 0.451315 0.079307 0.048685
14 0.412249 0.847596 0.026293 0.042334
14 0.311351 0.307529 0.028431 0.058663
156 0.231189 0.213638 0.030569 0.074690
